No.1       >Positive_seq_27
0.000	32.603	0.000	0.000	0.000	0.000	32.603	0.000	0.000	0.000
0.000	0.000	0.000	0.000	0.000	0.000	0.000	0.000	0.000	0.000
-3.983	2.072	-10.919	151.167	-89.076	-14.467

No.2       >Positive_seq_9
0.000	33.563	0.000	0.000	0.000	0.000	0.000	33.563	0.000	0.000
0.000	0.000	0.000	0.000	0.000	0.000	0.000	0.000	0.000	0.000
14.595	12.236	3.621	-52.471	51.655	3.238

No.3       >Positive_seq_31
-0.000	-218.482	-0.000	-0.000	-0.000	-0.000	-0.000	-0.000	-0.000	-0.000
-218.482	-0.000	-0.000	-0.000	-0.000	-0.000	-0.000	-0.000	-0.000	-0.000
-50.250	-62.178	54.463	272.373	372.496	-49.941

No.4       >Positive_seq_23
-0.000	-0.000	-371.449	-0.000	-0.000	-0.000	-0.000	-0.000	-0.000	-0.000
-0.000	-0.000	-0.000	-0.000	-0.000	-0.000	-0.000	-0.000	-0.000	-371.449
102.600	792.618	79.832	39.667	75.655	-247.475

No.5       >Positive_seq_8
0.000	48.747	0.000	0.000	0.000	0.000	48.747	0.000	0.000	0.000
0.000	0.000	0.000	0.000	0.000	0.000	0.000	0.000	0.000	0.000
-0.287	0.149	-0.787	10.889	-6.416	-1.042

No.6       >Positive_seq_25
-0.000	-29.278	-0.000	-0.000	-29.278	-0.000	-0.000	-0.000	-0.000	-0.000
-0.000	-0.000	-0.000	-0.000	-0.000	-0.000	-0.000	-0.000	-0.000	-0.000
-10.979	-15.387	14.897	135.247	38.922	-4.143

No.7       >Positive_seq_11
0.000	70.258	0.000	0.000	0.000	0.000	0.000	0.000	0.000	70.258
0.000	0.000	0.000	0.000	0.000	0.000	0.000	0.000	0.000	0.000
28.537	31.147	9.219	-173.742	56.081	8.242

No.8       >Positive_seq_17
0.000	309.807	0.000	0.000	0.000	0.000	0.000	0.000	0.000	0.000
0.000	0.000	0.000	0.000	0.000	309.807	0.000	0.000	0.000	0.000
-20.038	-41.842	204.740	-95.515	-645.116	78.157

No.9       >Positive_seq_3
0.000	13.706	0.000	0.000	0.000	0.000	0.000	0.000	0.000	0.000
0.000	0.000	0.000	0.000	0.000	0.000	0.000	0.000	0.000	0.000
0.572	1.130	1.811	35.101	44.863	2.816

No.10       >Positive_seq_34
0.000	0.000	22.867	0.000	0.000	0.000	0.000	0.000	0.000	0.000
0.000	0.000	22.867	0.000	0.000	0.000	0.000	0.000	0.000	0.000
-2.827	4.883	2.267	35.918	13.628	0.397

No.11       >Positive_seq_14
0.000	8.746	0.000	0.000	0.000	0.000	0.000	0.000	0.000	0.000
0.000	0.000	8.746	0.000	0.000	0.000	0.000	0.000	0.000	0.000
0.352	-0.460	3.537	21.555	57.465	0.060

No.12       >Positive_seq_16
-0.000	-28.370	-0.000	-0.000	-0.000	-0.000	-0.000	-0.000	-0.000	-0.000
-0.000	-0.000	-0.000	-0.000	-28.370	-0.000	-0.000	-0.000	-0.000	-0.000
21.395	19.845	18.523	-2.208	57.891	41.294

No.13       >Positive_seq_41
0.000	0.000	0.000	0.000	0.000	0.000	0.000	0.000	0.000	0.000
0.000	0.000	0.000	0.000	0.000	0.000	0.000	0.000	17.796	17.796
2.532	21.535	37.177	0.684	1.587	0.892

No.14       >Positive_seq_4
0.000	9.599	9.599	0.000	0.000	0.000	0.000	0.000	0.000	0.000
0.000	0.000	0.000	0.000	0.000	0.000	0.000	0.000	0.000	0.000
-5.126	-13.366	1.295	65.227	11.865	20.907

No.15       >Positive_seq_7
0.000	47.448	0.000	0.000	0.000	47.448	0.000	0.000	0.000	0.000
0.000	0.000	0.000	0.000	0.000	0.000	0.000	0.000	0.000	0.000
4.463	-1.459	33.156	-53.065	19.369	2.642

No.16       >Positive_seq_28
0.000	34.170	0.000	0.000	0.000	0.000	0.000	34.170	0.000	0.000
0.000	0.000	0.000	0.000	0.000	0.000	0.000	0.000	0.000	0.000
14.056	11.784	3.488	-50.534	49.748	3.118

No.17       >Positive_seq_19
0.000	28.535	0.000	0.000	0.000	0.000	0.000	0.000	0.000	0.000
0.000	0.000	0.000	0.000	0.000	0.000	0.000	28.535	0.000	0.000
11.074	9.618	11.775	-39.400	46.499	3.365

No.18       >Positive_seq_12
-0.000	-257.831	-0.000	-0.000	-0.000	-0.000	-0.000	-0.000	-0.000	-0.000
-257.831	-0.000	-0.000	-0.000	-0.000	-0.000	-0.000	-0.000	-0.000	-0.000
-57.615	-71.291	62.446	312.293	427.089	-57.260

No.19       >Positive_seq_42
-0.000	-257.459	-0.000	-0.000	-0.000	-0.000	-0.000	-0.000	-0.000	-0.000
-0.000	-0.000	-0.000	-0.000	-0.000	-0.000	-0.000	-0.000	-0.000	-257.459
-22.914	-134.130	223.485	42.719	572.473	-66.714

No.20       >Positive_seq_2
26.944	26.944	0.000	0.000	0.000	0.000	0.000	0.000	0.000	0.000
0.000	0.000	0.000	0.000	0.000	0.000	0.000	0.000	0.000	0.000
6.288	2.110	27.989	-61.661	69.062	2.324

No.21       >Positive_seq_43
0.000	0.000	0.000	0.000	0.000	0.000	0.000	0.000	219.134	0.000
0.000	0.000	0.000	0.000	0.000	0.000	0.000	0.000	0.000	219.134
-92.854	-430.408	110.343	0.912	200.594	-126.856

No.22       >Positive_seq_5
0.000	48.888	0.000	48.888	0.000	0.000	0.000	0.000	0.000	0.000
0.000	0.000	0.000	0.000	0.000	0.000	0.000	0.000	0.000	0.000
-0.532	-1.688	-0.416	-0.081	2.380	2.561

No.23       >Positive_seq_18
0.000	71.130	0.000	0.000	0.000	0.000	0.000	0.000	0.000	0.000
0.000	0.000	0.000	0.000	0.000	0.000	71.130	0.000	0.000	0.000
-0.697	1.882	14.401	19.236	-88.096	11.012

No.24       >Positive_seq_39
0.000	30.257	0.000	0.000	0.000	0.000	0.000	0.000	0.000	0.000
0.000	0.000	0.000	0.000	0.000	0.000	0.000	30.257	0.000	0.000
10.186	8.846	10.830	-36.238	42.767	3.095

No.25       >Positive_seq_6
-0.000	-24.997	-0.000	-0.000	-24.997	-0.000	-0.000	-0.000	-0.000	-0.000
-0.000	-0.000	-0.000	-0.000	-0.000	-0.000	-0.000	-0.000	-0.000	-0.000
-10.386	-14.556	14.092	127.943	36.820	-3.919

No.26       >Positive_seq_1
26.721	26.721	0.000	0.000	0.000	0.000	0.000	0.000	0.000	0.000
0.000	0.000	0.000	0.000	0.000	0.000	0.000	0.000	0.000	0.000
6.349	2.130	28.260	-62.257	69.730	2.347

No.27       >Positive_seq_35
-0.000	-3092.518	-0.000	-0.000	-0.000	-0.000	-0.000	-0.000	-0.000	-0.000
-0.000	-0.000	-0.000	-3092.518	-0.000	-0.000	-0.000	-0.000	-0.000	-0.000
828.312	295.235	507.698	-618.098	5988.012	-716.123

No.28       >Positive_seq_29
-0.000	-29.395	-0.000	-0.000	-0.000	-0.000	-0.000	-0.000	-29.395	-0.000
-0.000	-0.000	-0.000	-0.000	-0.000	-0.000	-0.000	-0.000	-0.000	-0.000
12.843	20.092	4.954	4.150	87.085	29.666

No.29       >Positive_seq_36
-0.000	-61.270	-0.000	-0.000	-0.000	-0.000	-0.000	-0.000	-0.000	-0.000
-0.000	-0.000	-0.000	-0.000	-61.270	-0.000	-0.000	-0.000	-0.000	-0.000
30.377	28.176	26.298	-3.134	82.194	58.630

No.30       >Positive_seq_24
0.000	38.375	0.000	38.375	0.000	0.000	0.000	0.000	0.000	0.000
0.000	0.000	0.000	0.000	0.000	0.000	0.000	0.000	0.000	0.000
-5.565	-17.647	-4.351	-0.844	24.880	26.776

No.31       >Positive_seq_32
-0.000	-247.744	-0.000	-0.000	-0.000	-0.000	-0.000	-0.000	-0.000	-0.000
-0.000	-247.744	-0.000	-0.000	-0.000	-0.000	-0.000	-0.000	-0.000	-0.000
37.866	14.709	-13.830	-12.674	332.348	237.067

No.32       >Positive_seq_33
0.000	9.811	0.000	0.000	0.000	0.000	0.000	0.000	0.000	0.000
0.000	0.000	9.811	0.000	0.000	0.000	0.000	0.000	0.000	0.000
0.343	-0.449	3.446	20.998	55.982	0.058

No.33       >Positive_seq_15
0.000	1291.070	0.000	0.000	0.000	0.000	0.000	0.000	0.000	0.000
0.000	0.000	0.000	1291.070	0.000	0.000	0.000	0.000	0.000	0.000
-327.124	-116.597	-200.504	244.104	-2364.836	282.817

No.34       >Positive_seq_20
-0.000	-158.313	-0.000	-0.000	-0.000	-0.000	-0.000	-0.000	-0.000	-0.000
-0.000	-0.000	-0.000	-0.000	-0.000	-0.000	-0.000	-0.000	-158.313	-0.000
-37.349	-107.199	177.974	331.979	73.455	-22.233

No.35       >Positive_seq_30
0.000	72.610	0.000	0.000	0.000	0.000	0.000	0.000	0.000	72.610
0.000	0.000	0.000	0.000	0.000	0.000	0.000	0.000	0.000	0.000
31.850	34.763	10.289	-193.913	62.592	9.199

No.36       >Positive_seq_21
-0.000	-197.170	-0.000	-0.000	-0.000	-0.000	-0.000	-0.000	-0.000	-0.000
-0.000	-0.000	-0.000	-0.000	-0.000	-0.000	-0.000	-0.000	-0.000	-197.170
-18.421	-107.829	179.662	34.342	460.218	-53.633