No.1       >Positive_seq_95
0.000	0.000	0.000	0.000	7.222	0.000	0.000	0.000	0.000	14.444
14.444	0.000	0.000	0.000	0.000	14.444	0.000	7.222	0.000	0.000
9.144	4.000	-3.788	9.520	1.181	1.636	6.043	1.782	0.015	8.267
2.784	1.641

No.2       >Positive_seq_131
10.031	10.031	0.000	0.000	5.016	0.000	0.000	5.016	0.000	0.000
0.000	5.016	5.016	0.000	15.047	0.000	15.047	10.031	0.000	0.000
-23.072	-13.134	4.766	-12.135	20.489	-11.918	23.044	8.057	2.747	-3.417
1.439	22.886

No.3       >Positive_seq_93
6.086	0.000	0.000	0.000	6.086	6.086	6.086	6.086	0.000	12.171
0.000	0.000	0.000	0.000	0.000	0.000	0.000	6.086	0.000	0.000
15.200	7.852	4.459	-6.483	0.326	-0.338	18.300	6.721	-3.302	10.464
-1.942	0.058

No.4       >Positive_seq_111
-0.000	-14.125	-0.000	-0.000	-7.062	-0.000	-0.000	-0.000	-0.000	-0.000
-0.000	-0.000	-0.000	-0.000	-14.125	-7.062	-7.062	-7.062	-0.000	-0.000
23.711	11.511	4.960	23.877	4.200	11.272	16.113	14.568	4.755	-3.948
25.703	19.776

No.5       >Positive_seq_102
0.000	0.000	0.000	0.000	0.000	14.063	0.000	28.125	0.000	0.000
0.000	28.125	0.000	14.063	14.063	0.000	14.063	0.000	0.000	0.000
6.084	-3.591	1.872	6.749	11.834	29.210	-40.780	-16.764	12.464	2.559
-7.332	-14.806

No.6       >Positive_seq_45
-0.000	-0.000	-58.360	-0.000	-58.360	-0.000	-0.000	-0.000	-0.000	-0.000
-0.000	-0.000	-0.000	-0.000	-0.000	-0.000	-0.000	-0.000	-0.000	-58.360
34.322	31.379	-53.058	118.083	-10.697	-18.200	21.089	162.918	16.409	8.153
15.550	-50.867

No.7       >Positive_seq_105
0.000	0.000	0.000	0.000	0.000	0.000	0.000	0.000	0.000	0.000
0.000	0.000	0.000	0.000	17.657	0.000	0.000	0.000	8.829	8.829
22.227	5.455	42.742	1.996	6.617	20.641	-28.130	-43.354	41.963	-0.375
4.998	-10.098

No.8       >Positive_seq_67
-0.000	-0.000	-0.000	-0.000	-218.098	-0.000	-0.000	-0.000	-0.000	-0.000
-0.000	-0.000	-0.000	-0.000	-218.098	-218.098	-0.000	-0.000	-0.000	-218.098
-91.126	-234.020	151.791	-52.493	-193.159	93.229	759.094	563.724	88.351	13.803
-210.593	83.789

No.9       >Positive_seq_101
-0.000	-0.000	-0.000	-0.000	-14.947	-0.000	-0.000	-14.947	-14.947	-0.000
-0.000	-14.947	-0.000	-14.947	-14.947	-0.000	-0.000	-29.894	-0.000	-0.000
69.508	35.909	-4.315	-1.125	2.624	-21.005	59.253	32.410	17.790	-10.673
19.180	20.023

No.10       >Positive_seq_44
-0.000	-27.673	-0.000	-0.000	-0.000	-0.000	-0.000	-0.000	-0.000	-0.000
-0.000	-0.000	-0.000	-0.000	-27.673	-0.000	-0.000	-0.000	-0.000	-27.673
24.680	44.133	-19.852	-1.306	25.155	38.435	-2.675	-15.656	26.086	4.986
66.820	-7.787

No.11       >Positive_seq_98
13.396	0.000	0.000	0.000	13.396	13.396	0.000	13.396	13.396	13.396
0.000	13.396	0.000	0.000	0.000	0.000	0.000	13.396	0.000	0.000
7.763	-3.071	0.772	16.555	1.352	-4.457	-11.036	-13.550	-9.705	23.517
-9.955	-5.356

No.12       >Positive_seq_117
0.000	0.000	0.000	21.076	0.000	84.304	21.076	0.000	0.000	0.000
0.000	0.000	21.076	0.000	21.076	0.000	0.000	0.000	0.000	21.076
-23.892	7.846	15.206	-4.716	-42.940	0.757	-35.211	-17.557	30.069	-22.235
12.730	-9.741

No.13       >Positive_seq_97
5.999	0.000	0.000	0.000	0.000	0.000	0.000	5.999	0.000	5.999
5.999	5.999	0.000	0.000	0.000	0.000	0.000	17.996	0.000	0.000
14.594	7.185	2.813	6.514	-1.157	-1.587	5.451	3.199	10.236	5.611
1.343	-2.193

No.14       >Positive_seq_90
107.751	0.000	0.000	0.000	53.876	0.000	0.000	0.000	0.000	53.876
53.876	0.000	0.000	0.000	53.876	53.876	0.000	53.876	0.000	0.000
-122.450	-71.498	58.663	78.049	-10.440	-19.325	-112.754	-37.820	-41.838	52.849
-89.067	-15.375

No.15       >Positive_seq_63
37.098	37.098	0.000	0.000	0.000	0.000	0.000	0.000	0.000	0.000
0.000	0.000	0.000	37.098	37.098	0.000	0.000	0.000	0.000	0.000
-56.126	-8.792	-60.264	2.282	-69.734	0.479	83.761	15.104	41.726	-63.282
90.268	-23.812

No.16       >Positive_seq_110
-0.000	-14.703	-0.000	-0.000	-7.351	-0.000	-0.000	-0.000	-0.000	-0.000
-0.000	-0.000	-0.000	-0.000	-14.703	-7.351	-7.351	-7.351	-0.000	-0.000
25.003	14.318	2.739	24.425	13.275	11.063	17.275	13.658	-1.157	-7.419
30.540	15.091

No.17       >Positive_seq_46
0.000	0.000	0.000	0.000	13.640	0.000	0.000	0.000	0.000	0.000
0.000	0.000	0.000	0.000	0.000	0.000	0.000	0.000	0.000	6.820
7.761	12.112	9.522	16.276	2.593	0.495	2.783	11.558	11.635	1.042
3.144	0.621

No.18       >Positive_seq_60
73.368	73.368	73.368	0.000	0.000	0.000	0.000	0.000	0.000	73.368
0.000	0.000	0.000	0.000	0.000	0.000	0.000	0.000	0.000	0.000
28.369	14.668	41.583	-165.131	67.390	19.111	-81.023	-137.503	86.337	-310.591
212.476	30.844

No.19       >Positive_seq_130
18.666	12.444	0.000	0.000	0.000	0.000	6.222	6.222	0.000	0.000
6.222	6.222	6.222	0.000	6.222	0.000	18.666	6.222	6.222	0.000
0.447	5.906	12.302	-25.411	24.358	-8.123	-3.027	3.755	-9.061	8.280
-1.855	-7.125

No.20       >Positive_seq_108
14.076	0.000	0.000	0.000	0.000	0.000	0.000	0.000	0.000	28.152
0.000	28.152	0.000	0.000	28.152	0.000	14.076	0.000	0.000	0.000
4.802	-5.698	0.502	3.574	2.149	76.637	-60.156	-20.259	-39.178	-1.000
-4.045	30.064

No.21       >Positive_seq_126
7.868	15.736	0.000	0.000	7.868	0.000	0.000	15.736	7.868	15.736
0.000	0.000	7.868	0.000	0.000	7.868	7.868	7.868	0.000	0.000
16.692	3.067	9.600	-1.539	2.464	-0.543	-2.449	-8.496	6.282	-20.762
-2.357	-4.245

No.22       >Positive_seq_69
0.000	0.000	0.000	0.000	0.000	0.000	0.000	0.000	0.000	0.000
0.000	23.366	0.000	0.000	0.000	23.366	23.366	0.000	0.000	23.366
2.770	2.347	-9.477	-0.145	26.328	-22.622	-4.840	-6.471	9.293	-0.534
25.828	-15.940

No.23       >Positive_seq_57
-0.000	-59.492	-0.000	-0.000	-59.492	-0.000	-0.000	-0.000	-0.000	-59.492
-0.000	-59.492	-0.000	-0.000	-0.000	-0.000	-0.000	-0.000	-0.000	-0.000
59.614	-2.135	24.641	183.564	43.850	26.169	-65.662	-56.377	5.838	-102.604
133.025	88.046

No.24       >Positive_seq_86
11.847	0.000	11.847	0.000	0.000	0.000	0.000	11.847	0.000	23.694
0.000	0.000	0.000	11.847	0.000	23.694	0.000	0.000	0.000	0.000
-8.586	-9.705	-0.709	-11.237	-2.164	4.605	13.577	-3.957	17.714	2.088
-3.788	7.384

No.25       >Positive_seq_127
0.000	0.000	0.000	0.000	0.000	5.307	5.307	0.000	0.000	5.307
0.000	5.307	10.615	15.922	0.000	15.922	0.000	5.307	0.000	0.000
4.925	2.747	-2.232	-0.467	-1.042	-0.743	9.217	0.524	13.927	-5.926
12.004	-1.929

No.26       >Positive_seq_52
0.000	0.000	0.000	0.000	31.202	0.000	0.000	0.000	0.000	0.000
0.000	31.202	0.000	0.000	0.000	0.000	0.000	0.000	0.000	31.202
-15.661	26.043	29.056	1.352	18.165	-9.526	-10.264	-11.813	-11.550	-0.104
28.701	-38.006

No.27       >Positive_seq_85
0.000	0.000	0.000	0.000	0.000	0.000	0.000	3.104	0.000	0.000
0.000	0.000	12.417	0.000	9.313	0.000	0.000	0.000	0.000	0.000
-3.302	2.048	-9.725	-0.811	-18.033	-0.239	21.766	9.862	9.708	6.100
35.954	21.836

No.28       >Positive_seq_55
0.000	0.000	0.000	0.000	0.000	0.000	0.000	0.000	0.000	0.000
0.000	0.000	0.000	0.000	25.815	0.000	0.000	0.000	25.815	25.815
-39.419	-20.808	123.531	0.563	5.810	-8.664	-28.204	-77.509	75.226	-0.088
24.312	-32.194

No.29       >Positive_seq_51
-0.000	-0.000	-0.000	-0.000	-0.000	-0.000	-0.000	-0.000	-69.141	-0.000
-0.000	-0.000	-0.000	-0.000	-0.000	-0.000	-0.000	-69.141	-0.000	-69.141
60.674	17.742	51.180	-2.750	43.665	8.180	35.337	163.797	-41.992	-0.347
-76.339	48.277

No.30       >Positive_seq_62
55.383	0.000	0.000	0.000	0.000	0.000	0.000	0.000	0.000	0.000
0.000	55.383	55.383	0.000	0.000	0.000	0.000	0.000	0.000	55.383
-15.340	5.621	-68.368	1.970	-105.793	-7.827	-7.103	-13.824	45.535	-40.397
125.476	-41.481

No.31       >Positive_seq_77
31.357	0.000	0.000	31.357	0.000	0.000	0.000	0.000	0.000	31.357
0.000	0.000	31.357	0.000	31.357	0.000	0.000	62.714	0.000	31.357
-103.535	-43.043	-36.074	-28.061	20.594	-5.484	40.220	-51.248	49.262	29.131
-18.917	-3.700

No.32       >Positive_seq_53
0.000	0.000	0.000	0.000	0.000	17.402	0.000	0.000	0.000	17.402
0.000	0.000	17.402	0.000	0.000	0.000	0.000	0.000	0.000	0.000
7.748	-2.240	6.288	-2.103	7.014	0.231	1.403	0.304	33.096	-16.654
12.680	0.029

No.33       >Positive_seq_49
0.000	0.000	0.000	0.000	0.000	0.000	0.000	0.000	30.540	0.000
0.000	0.000	0.000	0.000	0.000	0.000	0.000	0.000	0.000	15.270
21.709	11.435	6.643	0.089	25.231	22.246	-9.103	-42.196	10.818	0.089
19.666	-12.437

No.34       >Positive_seq_72
0.000	14.206	0.000	0.000	7.103	0.000	0.000	0.000	0.000	0.000
0.000	0.000	0.000	0.000	14.206	0.000	0.000	7.103	0.000	0.000
24.724	9.925	12.897	23.894	42.072	24.064	-30.978	-14.253	1.142	-33.169
0.390	-3.324

No.35       >Positive_seq_61
11.230	11.230	0.000	0.000	0.000	0.000	0.000	0.000	11.230	0.000
0.000	0.000	0.000	0.000	11.230	0.000	0.000	0.000	0.000	0.000
-28.218	-10.255	-26.618	0.854	-30.231	-15.754	52.046	37.289	15.722	-23.116
37.487	45.874

No.36       >Positive_seq_106
0.000	0.000	0.000	0.000	0.000	0.000	0.000	0.000	0.000	0.000
0.000	0.000	0.000	0.000	10.598	0.000	0.000	0.000	5.299	5.299
16.221	9.645	25.299	0.212	3.474	13.127	-8.275	-9.227	27.498	1.382
3.498	-4.048

No.37       >Positive_seq_123
0.000	0.000	0.000	3.058	0.000	0.000	0.000	0.000	0.000	0.000
3.058	0.000	0.000	0.000	9.174	9.174	0.000	0.000	3.058	3.058
7.036	14.497	-1.214	0.280	3.984	-18.707	29.152	13.305	-6.688	0.348
4.765	22.662

No.38       >Positive_seq_120
0.000	0.000	0.000	0.000	0.000	0.000	0.000	0.000	3.934	0.000
0.000	0.000	0.000	0.000	7.869	11.803	0.000	0.000	3.934	7.869
11.154	7.672	-3.159	0.436	9.963	4.758	17.645	2.485	-7.563	0.370
10.935	9.895

No.39       >Positive_seq_100
0.000	0.000	0.000	0.000	11.150	22.299	0.000	0.000	0.000	11.150
0.000	0.000	11.150	11.150	11.150	11.150	0.000	0.000	0.000	0.000
-24.583	-16.928	11.217	-0.480	5.459	-1.670	4.654	1.800	15.811	9.297
10.353	-4.127

No.40       >Positive_seq_64
0.000	0.000	0.000	0.000	0.000	0.000	0.000	0.000	0.000	0.000
0.000	0.000	0.000	0.000	6.991	0.000	0.000	0.000	13.982	6.991
-5.279	7.879	46.730	3.888	1.354	-1.593	-12.312	-6.499	38.584	0.176
1.815	-2.706

No.41       >Positive_seq_94
0.000	0.000	0.000	0.000	5.393	0.000	0.000	5.393	5.393	10.786
5.393	0.000	0.000	0.000	0.000	0.000	5.393	5.393	0.000	0.000
15.342	6.623	-1.977	9.360	7.144	-2.956	9.735	1.451	0.682	8.435
3.413	-0.398

No.42       >Positive_seq_109
-6.791	-6.791	-0.000	-0.000	-6.791	-0.000	-0.000	-0.000	-0.000	-0.000
-0.000	-0.000	-0.000	-0.000	-13.583	-6.791	-6.791	-6.791	-0.000	-0.000
18.327	11.851	10.794	-1.632	4.428	11.468	34.812	14.584	3.067	23.413
20.121	3.100

No.43       >Positive_seq_114
0.000	0.000	0.000	0.000	0.000	4.564	0.000	4.564	0.000	13.691
0.000	0.000	0.000	0.000	0.000	4.564	0.000	9.128	0.000	0.000
10.896	3.485	7.138	7.089	-0.020	0.483	15.850	6.111	3.018	7.553
1.457	0.430

No.44       >Positive_seq_112
0.000	0.000	0.000	0.000	23.787	0.000	0.000	0.000	0.000	23.787
0.000	0.000	47.573	23.787	23.787	0.000	0.000	47.573	0.000	0.000
-93.100	-51.803	4.808	-40.290	-7.545	-10.532	25.517	26.482	-27.477	33.125
48.980	1.542

No.45       >Positive_seq_74
0.000	0.000	0.000	0.000	11.843	0.000	0.000	0.000	0.000	23.687
0.000	11.843	0.000	0.000	11.843	11.843	0.000	0.000	0.000	0.000
9.975	2.200	-10.297	16.367	4.575	31.724	-20.787	-6.779	-1.550	13.449
-5.369	-4.568

No.46       >Positive_seq_128
0.000	26.542	0.000	0.000	8.847	0.000	0.000	8.847	0.000	0.000
0.000	0.000	0.000	0.000	26.542	17.695	8.847	8.847	0.000	8.847
38.892	15.582	18.997	-12.619	3.144	6.375	-55.112	-32.456	6.720	4.054
9.027	-17.619

No.47       >Positive_seq_99
0.000	0.000	0.000	0.000	8.880	0.000	0.000	0.000	0.000	0.000
0.000	0.000	35.521	8.880	17.761	0.000	0.000	0.000	0.000	0.000
-4.579	1.892	-22.814	-18.040	-56.944	-0.280	8.594	-7.888	20.727	16.648
103.906	-12.265

No.48       >Positive_seq_91
3.444	0.000	0.000	0.000	0.000	0.000	0.000	6.888	0.000	13.777
0.000	0.000	0.000	0.000	0.000	0.000	0.000	3.444	0.000	0.000
16.379	7.040	1.995	7.639	2.421	0.264	17.042	7.917	1.602	7.870
2.006	0.273

No.49       >Positive_seq_87
0.000	0.000	0.000	13.435	26.870	0.000	0.000	0.000	13.435	0.000
0.000	0.000	0.000	0.000	0.000	0.000	0.000	0.000	0.000	0.000
-38.163	-59.616	8.880	1.955	3.997	1.509	38.009	63.125	13.983	52.716
-3.042	-37.091

No.50       >Positive_seq_119
0.000	0.000	0.000	0.000	0.000	0.000	0.000	0.000	2.794	0.000
0.000	0.000	0.000	0.000	8.381	8.381	0.000	0.000	2.794	2.794
11.510	10.595	-1.397	0.196	5.049	6.392	19.767	8.982	-3.820	0.174
5.524	11.884

No.51       >Positive_seq_54
-0.000	-14.461	-0.000	-0.000	-0.000	-0.000	-0.000	-0.000	-0.000	-0.000
-0.000	-0.000	-0.000	-0.000	-14.461	-0.000	-0.000	-0.000	-0.000	-14.461
10.268	3.731	21.378	1.012	60.348	18.665	20.520	56.393	-54.732	0.064
-17.689	23.424

No.52       >Positive_seq_125
0.000	0.000	0.000	0.000	0.000	0.000	0.000	0.000	4.314	0.000
0.000	0.000	0.000	0.000	8.628	12.943	0.000	0.000	4.314	12.943
9.242	2.979	1.291	0.420	11.133	2.770	16.814	1.575	-11.394	0.375
11.847	9.805

No.53       >Positive_seq_79
-0.000	-26.147	-0.000	-0.000	-26.147	-0.000	-0.000	-0.000	-0.000	-0.000
-0.000	-0.000	-0.000	-0.000	-26.147	-13.074	-0.000	-13.074	-0.000	-0.000
34.776	14.075	-0.841	-17.074	13.171	20.362	36.644	27.466	18.964	7.695
13.724	35.626

No.54       >Positive_seq_56
0.000	0.000	0.000	0.000	14.834	0.000	0.000	0.000	0.000	0.000
0.000	0.000	0.000	0.000	0.000	0.000	0.000	14.834	0.000	14.834
17.036	22.185	7.560	11.045	1.127	1.058	5.999	15.438	-19.653	0.649
-8.025	1.078

No.55       >Positive_seq_76
0.000	0.000	0.000	0.000	882.631	0.000	441.316	441.316	0.000	0.000
0.000	0.000	441.316	441.316	0.000	441.316	0.000	0.000	0.000	0.000
-46.873	463.034	409.589	479.770	-909.895	17.500	-230.059	-72.399	-260.408	-2050.025
-679.917	-109.527

No.56       >Positive_seq_75
0.000	0.000	0.000	22.591	0.000	0.000	22.591	0.000	0.000	0.000
0.000	0.000	22.591	0.000	0.000	22.591	22.591	22.591	0.000	22.591
-6.192	0.027	-12.805	28.829	-54.335	13.032	-6.068	-36.309	22.180	5.022
-27.673	16.155

No.57       >Positive_seq_92
0.000	0.000	0.000	0.000	3.555	3.555	0.000	0.000	0.000	17.773
0.000	0.000	0.000	0.000	0.000	0.000	0.000	3.555	0.000	0.000
14.880	7.463	0.448	11.599	-0.030	0.324	14.177	6.775	4.250	10.635
0.736	0.307

No.58       >Positive_seq_58
0.000	21.705	0.000	0.000	0.000	0.000	21.705	0.000	0.000	0.000
0.000	21.705	0.000	0.000	0.000	0.000	21.705	0.000	0.000	0.000
1.824	-1.819	-6.447	8.305	-8.331	-3.587	-1.991	1.025	-5.819	113.996
-52.817	-31.158

No.59       >Positive_seq_107
0.000	0.000	0.000	0.000	0.000	0.000	11.572	0.000	0.000	11.572
0.000	11.572	0.000	0.000	0.000	34.716	0.000	23.144	0.000	0.000
-16.618	-3.851	7.667	-7.207	-4.913	-5.300	10.558	0.266	5.760	1.886
13.918	5.256

No.60       >Positive_seq_132
12.153	24.305	0.000	0.000	12.153	12.153	0.000	0.000	24.305	0.000
0.000	0.000	36.458	0.000	24.305	24.305	0.000	24.305	0.000	0.000
-39.673	-31.952	30.641	-14.537	-70.002	-25.846	6.487	22.540	-15.088	-35.140
65.206	12.923

No.61       >Positive_seq_116
-0.000	-0.000	-12.252	-0.000	-12.252	-0.000	-0.000	-0.000	-12.252	-12.252
-0.000	-0.000	-12.252	-0.000	-12.252	-0.000	-0.000	-24.504	-0.000	-0.000
40.719	23.395	-4.592	23.939	-0.725	22.704	17.228	5.804	11.860	1.619
22.761	33.305

No.62       >Positive_seq_96
0.000	0.000	0.000	148.983	148.983	0.000	0.000	0.000	0.000	0.000
148.983	0.000	148.983	148.983	148.983	0.000	148.983	148.983	0.000	0.000
-412.932	-254.495	-23.158	-196.736	-265.511	32.711	109.181	34.489	-211.957	177.084
-45.176	-35.362

No.63       >Positive_seq_50
0.000	0.000	0.000	0.000	0.000	0.000	0.000	0.000	22.661	0.000
0.000	22.661	0.000	0.000	0.000	0.000	0.000	0.000	0.000	22.661
14.683	1.920	-4.254	-0.063	22.088	40.779	-11.841	-54.885	14.071	0.116
25.580	-16.177

No.64       >Positive_seq_113
0.000	0.000	0.000	0.000	11.715	11.715	0.000	23.431	0.000	0.000
0.000	0.000	23.431	0.000	11.715	0.000	0.000	11.715	0.000	0.000
-10.903	-4.227	-21.085	-31.482	-4.556	-4.139	21.632	7.271	-7.834	26.735
34.415	0.448

No.65       >Positive_seq_83
16.160	0.000	0.000	0.000	0.000	0.000	0.000	10.773	0.000	5.387
5.387	0.000	0.000	0.000	0.000	5.387	0.000	0.000	0.000	0.000
11.803	2.439	7.435	8.579	2.442	0.705	9.885	1.593	6.102	6.922
-1.658	0.659

No.66       >Positive_seq_65
0.000	0.000	0.000	0.000	0.000	0.000	36.156	0.000	0.000	0.000
0.000	0.000	0.000	36.156	0.000	0.000	0.000	36.156	0.000	36.156
-17.807	-0.404	22.713	-0.071	28.373	-10.217	-25.576	-5.272	0.765	-37.434
-0.327	0.632

No.67       >Positive_seq_133
5.144	0.000	0.000	20.576	0.000	5.144	5.144	0.000	0.000	10.288
0.000	10.288	10.288	0.000	5.144	5.144	10.288	5.144	5.144	0.000
-12.332	-10.228	-1.669	7.891	-12.432	10.198	6.164	3.140	9.797	2.753
-10.311	9.295

No.68       >Positive_seq_80
-0.000	-24.069	-0.000	-0.000	-12.034	-0.000	-0.000	-0.000	-0.000	-0.000
-0.000	-0.000	-0.000	-0.000	-24.069	-12.034	-12.034	-12.034	-0.000	-0.000
21.568	15.818	1.450	4.547	9.960	20.949	28.826	16.941	13.204	6.271
39.907	16.834

No.69       >Positive_seq_70
12.280	0.000	0.000	0.000	0.000	0.000	0.000	0.000	0.000	12.280
0.000	0.000	0.000	0.000	24.561	0.000	0.000	12.280	0.000	0.000
37.652	14.275	15.230	7.576	5.852	34.277	-31.720	-8.160	-25.928	3.637
-8.742	-5.351

No.70       >Positive_seq_81
19.159	38.317	0.000	0.000	19.159	0.000	0.000	0.000	0.000	0.000
0.000	0.000	0.000	0.000	19.159	38.317	19.159	0.000	0.000	0.000
-35.658	-28.959	54.784	-27.578	-6.150	-7.472	7.736	8.894	12.893	-27.625
-3.776	-0.357