No.1       >Negative_416
0.000	0.000	0.000	0.000	8.136	0.000	0.000	8.136	0.000	0.000
0.000	0.000	0.000	0.000	0.000	0.000	0.000	8.136	0.000	0.000
17.837	8.618	-2.966	7.897	0.247	0.324	21.107	12.553	-2.245	15.236
-3.377	0.359

No.2       >Negative_691
30.615	0.000	0.000	0.000	0.000	30.615	0.000	0.000	0.000	0.000
0.000	0.000	0.000	30.615	0.000	0.000	0.000	0.000	0.000	0.000
-6.853	-1.447	79.303	15.018	-10.537	1.417	-24.378	1.438	-35.063	-3.525
-9.752	2.534

No.3       >Negative_441
0.000	0.000	0.000	0.000	0.000	0.000	0.000	0.000	0.000	18.102
0.000	0.000	0.000	0.000	0.000	0.000	0.000	0.000	9.051	0.000
12.171	19.299	-5.918	10.735	-0.600	0.425	15.928	9.605	0.525	9.623
0.784	0.270

No.4       >Negative_445
-0.000	-0.000	-0.000	-0.000	-70.033	-0.000	-0.000	-0.000	-0.000	-0.000
-0.000	-0.000	-0.000	-0.000	-70.033	-0.000	-0.000	-0.000	-70.033	-0.000
88.726	65.298	-379.236	-138.117	-18.374	35.501	492.244	323.901	-182.656	10.198
-60.214	72.828

No.5       >Negative_333
-0.000	-0.000	-0.000	-252.060	-252.060	-0.000	-0.000	-252.060	-0.000	-0.000
-0.000	-0.000	-0.000	-252.060	-0.000	-0.000	-0.000	-0.000	-0.000	-0.000
225.603	284.826	-52.886	4.061	129.847	-142.840	482.853	387.186	-48.258	33.844
-127.473	-68.521

No.6       >Negative_396
7.194	0.000	0.000	0.000	0.000	0.000	0.000	0.000	0.000	7.194
0.000	21.582	0.000	0.000	0.000	0.000	0.000	0.000	7.194	0.000
-13.229	-3.153	0.858	-0.558	-5.750	-6.265	13.892	8.013	-0.344	7.113
6.781	49.476

No.7       >Negative_689
0.000	26.495	0.000	0.000	0.000	26.495	0.000	0.000	0.000	0.000
0.000	0.000	0.000	0.000	0.000	0.000	26.495	0.000	0.000	0.000
2.468	-0.126	26.391	-24.831	-24.314	6.164	-0.950	-0.425	46.057	-5.080
-6.644	1.804

No.8       >Negative_411
0.000	0.000	5.359	5.359	0.000	5.359	0.000	0.000	0.000	16.077
0.000	0.000	5.359	0.000	0.000	5.359	0.000	10.718	0.000	0.000
7.468	8.632	10.190	7.527	3.329	9.569	-0.994	-5.969	4.575	-6.540
4.814	3.807

No.9       >Negative_81
0.000	0.000	0.000	0.000	0.000	0.000	70.615	0.000	0.000	35.307
0.000	0.000	35.307	0.000	0.000	0.000	0.000	0.000	0.000	0.000
-3.666	1.388	10.492	37.146	34.909	9.100	-18.964	4.231	-21.549	8.894
-99.339	-3.871

No.10       >Negative_818
63.827	0.000	0.000	0.000	0.000	0.000	0.000	0.000	0.000	63.827
0.000	63.827	0.000	0.000	0.000	0.000	0.000	0.000	0.000	0.000
-8.597	-2.819	16.704	31.045	-0.048	-14.679	-49.056	-3.236	25.193	-2.624
-60.304	-23.059

No.11       >Negative_871
6.797	0.000	0.000	13.594	0.000	13.594	13.594	0.000	6.797	6.797
0.000	0.000	6.797	20.391	0.000	6.797	0.000	0.000	0.000	0.000
7.181	2.151	14.931	4.819	-12.388	-7.009	9.541	6.687	-6.814	-10.962
-7.614	4.322

No.12       >Negative_346
-0.000	-0.000	-0.000	-199.317	-199.317	-0.000	-0.000	-0.000	-0.000	-199.317
-0.000	-0.000	-0.000	-199.317	-0.000	-0.000	-0.000	-0.000	-0.000	-0.000
163.119	254.541	-47.263	5.812	84.979	-127.652	381.242	346.017	-43.127	29.666
-88.833	-61.235

No.13       >Negative_600
5.097	0.000	5.097	0.000	0.000	5.097	0.000	0.000	10.193	10.193
0.000	0.000	20.386	0.000	0.000	5.097	0.000	0.000	0.000	0.000
-1.841	2.130	6.967	-0.874	-16.783	-0.454	12.576	16.782	14.071	-2.781
9.360	-0.311

No.14       >Negative_401
0.000	0.000	0.000	0.000	11.395	0.000	0.000	0.000	0.000	5.698
0.000	0.000	0.000	0.000	0.000	0.000	0.000	0.000	0.000	0.000
12.345	10.995	2.992	23.258	0.530	0.318	11.632	9.006	-1.610	14.218
-1.033	0.258

No.15       >Negative_797
0.000	0.000	0.000	0.000	0.000	0.000	0.000	0.000	8.731	0.000
0.000	0.000	0.000	0.000	0.000	0.000	4.366	0.000	0.000	0.000
0.734	-1.569	-1.847	-0.107	8.019	-5.440	22.010	27.268	1.034	0.037
12.906	23.858

No.16       >Negative_734
-0.000	-0.000	-0.000	-0.000	-0.000	-0.000	-0.000	-0.000	-0.000	-0.000
-0.000	-0.000	-0.000	-0.000	-39.944	-0.000	-0.000	-39.944	-0.000	-39.944
72.990	11.659	51.038	-0.417	22.968	8.190	39.166	107.636	-104.466	0.123
-33.762	44.708

No.17       >Negative_732
-0.000	-0.000	-0.000	-0.000	-0.000	-0.000	-0.000	-0.000	-0.000	-22.237
-0.000	-0.000	-22.237	-0.000	-22.237	-0.000	-0.000	-0.000	-0.000	-0.000
41.786	23.982	1.742	13.091	-5.537	4.946	9.928	-6.099	27.293	-1.023
55.944	0.659

No.18       >Negative_399
0.000	0.000	0.000	0.000	38.624	0.000	0.000	0.000	0.000	19.312
0.000	0.000	0.000	19.312	0.000	0.000	19.312	0.000	0.000	0.000
2.573	8.377	0.353	13.538	5.867	2.816	-14.618	0.725	-15.912	-10.407
7.406	2.721

No.19       >Negative_694
9.311	0.000	0.000	0.000	0.000	0.000	0.000	9.311	0.000	9.311
0.000	0.000	0.000	0.000	0.000	0.000	0.000	0.000	0.000	0.000
16.657	6.280	2.637	9.125	2.441	0.262	13.446	1.915	4.691	7.726
6.665	0.224

No.20       >Negative_833
0.000	0.000	0.000	0.000	0.000	0.000	0.000	0.000	0.000	0.000
0.000	272.245	272.245	0.000	0.000	0.000	272.245	0.000	0.000	0.000
-24.411	3.271	123.103	48.192	-806.447	-4.143	19.120	-10.156	45.591	2.879
270.557	-384.292

No.21       >Negative_805
-0.000	-0.000	-0.000	-31.857	-0.000	-0.000	-0.000	-0.000	-31.857	-31.857
-0.000	-0.000	-0.000	-0.000	-0.000	-0.000	-0.000	-0.000	-0.000	-0.000
-8.211	-35.640	-1.088	-0.320	8.606	57.621	80.203	69.319	3.157	-2.572
13.629	10.869

No.22       >Negative_730
22.464	0.000	0.000	0.000	0.000	0.000	0.000	0.000	0.000	0.000
0.000	0.000	22.464	0.000	0.000	22.464	0.000	0.000	0.000	0.000
-0.824	-1.242	58.784	-14.242	26.529	0.745	-0.956	1.322	31.023	-4.550
-64.107	0.128

No.23       >Negative_733
-0.000	-0.000	-0.000	-0.000	-0.000	-0.000	-0.000	-0.000	-0.000	-78.835
-0.000	-0.000	-0.000	-0.000	-78.835	-0.000	-0.000	-78.835	-0.000	-0.000
333.804	153.415	63.590	2.701	35.617	38.794	-141.163	-67.730	-15.316	-49.836
-14.853	-2.517

No.24       >Negative_443
0.000	0.000	0.000	0.000	0.000	0.000	0.000	0.000	0.000	0.000
72.687	0.000	72.687	0.000	0.000	0.000	0.000	0.000	72.687	0.000
19.905	24.161	-20.192	-14.718	-9.752	2.079	4.965	-4.069	-17.089	-26.871
-76.651	0.170

No.25       >Negative_413
0.000	0.000	0.000	20.056	20.056	0.000	0.000	40.113	0.000	0.000
0.000	20.056	0.000	0.000	0.000	20.056	0.000	0.000	0.000	0.000
-2.906	6.356	-2.898	5.248	-4.851	-2.413	-11.879	-13.420	-0.127	20.978
-14.246	-0.180

No.26       >Negative_893
9.649	0.000	0.000	0.000	0.000	0.000	0.000	0.000	0.000	19.298
0.000	0.000	19.298	0.000	0.000	9.649	0.000	0.000	0.000	9.649
5.975	1.308	8.796	5.429	19.176	0.600	5.425	-2.907	-1.497	-6.305
-4.003	0.459

No.27       >Negative_819
-0.000	-0.000	-0.000	-27.955	-0.000	-0.000	-0.000	-0.000	-0.000	-27.955
-0.000	-27.955	-0.000	-0.000	-0.000	-0.000	-0.000	-0.000	-0.000	-0.000
5.581	-4.080	0.475	0.625	10.524	85.763	35.080	61.458	2.799	-0.528
-3.930	-9.903

No.28       >Negative_664
0.000	0.000	12.120	0.000	12.120	0.000	0.000	0.000	0.000	12.120
0.000	0.000	12.120	0.000	0.000	0.000	0.000	12.120	0.000	0.000
11.122	1.246	-2.848	12.108	3.677	2.388	4.516	-2.486	0.414	0.563
5.732	2.969

No.29       >Negative_334
13.614	0.000	0.000	0.000	0.000	0.000	0.000	0.000	0.000	13.614
0.000	0.000	6.807	0.000	0.000	0.000	0.000	0.000	0.000	0.000
6.847	0.611	8.034	-1.003	11.669	0.139	11.173	4.714	8.352	3.554
11.668	0.206

No.30       >Negative_693
86.146	0.000	0.000	0.000	0.000	0.000	0.000	0.000	0.000	86.146
0.000	0.000	0.000	86.146	0.000	0.000	0.000	0.000	0.000	0.000
8.965	6.192	-10.719	39.705	-24.286	3.337	-124.069	-24.431	-7.760	-9.187
-22.476	6.293

No.31       >Negative_837
0.000	0.000	138.485	0.000	0.000	0.000	0.000	0.000	0.000	138.485
0.000	0.000	0.000	0.000	0.000	0.000	138.485	0.000	0.000	0.000
-100.999	-170.510	10.974	-105.213	-12.505	90.810	-11.775	17.574	24.833	-32.256
-37.306	10.918

No.32       >Negative_685
12.198	0.000	0.000	0.000	0.000	0.000	0.000	0.000	0.000	24.396
0.000	0.000	0.000	0.000	0.000	0.000	0.000	0.000	0.000	0.000
9.253	1.715	4.203	9.004	2.547	0.201	15.819	9.539	0.521	9.557
0.779	0.268

No.33       >Negative_715
16.284	0.000	0.000	0.000	0.000	0.000	0.000	0.000	0.000	16.284
0.000	0.000	0.000	0.000	0.000	16.284	0.000	0.000	0.000	0.000
6.256	-1.318	6.672	9.788	0.362	0.777	-2.993	-1.062	43.008	2.281
-13.498	0.877

No.34       >Negative_794
100.498	0.000	0.000	100.498	0.000	0.000	0.000	100.498	0.000	0.000
0.000	0.000	0.000	0.000	0.000	0.000	0.000	0.000	0.000	0.000
30.957	-9.773	-16.060	39.222	55.501	14.042	-159.327	-214.403	-9.764	1.416
32.149	34.546

No.35       >Negative_737
0.000	0.000	0.000	52.021	0.000	0.000	0.000	0.000	0.000	0.000
0.000	0.000	0.000	0.000	0.000	0.000	0.000	26.011	0.000	0.000
-5.055	33.620	-2.092	0.145	6.649	56.511	-32.115	-44.770	-8.433	0.282
7.688	9.539

No.36       >Negative_731
11.174	0.000	0.000	0.000	0.000	0.000	0.000	0.000	0.000	11.174
0.000	0.000	11.174	0.000	0.000	0.000	0.000	0.000	0.000	0.000
2.301	-1.238	13.493	-17.139	25.366	0.025	15.009	2.782	6.817	14.605
4.131	0.325

No.37       >Negative_736
-0.000	-0.000	-0.000	-234.118	-0.000	-0.000	-0.000	-0.000	-0.000	-0.000
-0.000	-0.000	-0.000	-0.000	-0.000	-0.000	-0.000	-234.118	-0.000	-234.118
94.037	71.032	204.908	-6.781	33.427	-52.213	69.797	655.791	-168.125	-0.322
99.415	-198.615

No.38       >Negative_449
-0.000	-0.000	-0.000	-0.000	-0.000	-0.000	-0.000	-0.000	-0.000	-0.000
-0.000	-0.000	-0.000	-0.000	-16.541	-0.000	-0.000	-16.541	-16.541	-0.000
14.289	20.167	-15.456	-5.113	-0.571	5.427	66.486	27.109	19.332	0.398
9.632	7.922

No.39       >Negative_598
13.226	0.000	13.226	0.000	0.000	0.000	0.000	0.000	0.000	26.453
0.000	0.000	13.226	0.000	13.226	26.453	0.000	13.226	0.000	0.000
-5.382	3.773	6.692	9.342	-4.560	3.217	0.023	-7.341	0.844	-22.028
-1.767	-1.851

No.40       >Negative_484
13.427	0.000	0.000	0.000	0.000	0.000	0.000	0.000	0.000	0.000
0.000	0.000	13.427	13.427	0.000	0.000	0.000	26.855	0.000	0.000
-10.628	-2.911	2.075	-9.167	12.337	0.770	20.721	6.789	14.568	8.333
-10.504	0.480

No.41       >Negative_71
-0.000	-0.000	-0.000	-0.000	-0.000	-0.000	-0.000	-0.000	-0.000	-0.000
-0.000	-0.000	-321.440	-0.000	-0.000	-321.440	-0.000	-321.440	-0.000	-321.440
-46.908	-102.223	373.743	14.492	296.647	-35.625	54.062	99.165	98.984	1.431
648.531	-16.540

No.42       >Negative_37
5.497	0.000	0.000	16.491	0.000	5.497	0.000	5.497	0.000	0.000
0.000	0.000	0.000	0.000	0.000	0.000	0.000	0.000	0.000	0.000
-9.451	-5.335	-8.472	0.186	3.412	3.439	10.027	25.328	16.138	4.716
3.943	23.089

No.43       >Negative_345
31.018	0.000	0.000	62.036	31.018	0.000	0.000	31.018	0.000	0.000
0.000	0.000	0.000	0.000	0.000	0.000	0.000	0.000	0.000	0.000
-3.723	25.665	-35.754	28.182	5.100	57.069	-60.212	-91.884	-6.935	1.199
8.044	18.160

No.44       >Negative_706
-0.000	-0.000	-0.000	-0.000	-0.000	-0.000	-0.000	-22.540	-22.540	-0.000
-0.000	-0.000	-0.000	-22.540	-0.000	-0.000	-0.000	-0.000	-0.000	-0.000
-2.029	-3.630	-0.773	1.120	-8.244	9.383	82.383	54.692	2.491	-1.560
25.212	8.576

No.45       >Negative_680
-0.000	-16.937	-0.000	-0.000	-0.000	-0.000	-0.000	-0.000	-16.937	-0.000
-16.937	-0.000	-0.000	-0.000	-0.000	-0.000	-0.000	-0.000	-0.000	-0.000
19.259	22.381	0.566	1.562	32.226	20.053	-5.125	-6.341	5.554	27.778
37.989	-5.093

No.46       >Negative_874
-111.066	-0.000	-0.000	-0.000	-0.000	-0.000	-111.066	-111.066	-111.066	-0.000
-0.000	-0.000	-222.133	-0.000	-111.066	-111.066	-0.000	-111.066	-0.000	-0.000
137.691	17.754	153.570	-5.292	3.075	73.067	178.526	49.072	-71.540	124.958
417.007	21.710

No.47       >Negative_786
-0.000	-0.000	-0.000	-0.000	-0.000	-0.000	-0.000	-0.000	-0.000	-0.000
-0.000	-0.000	-0.000	-0.000	-50.635	-0.000	-50.635	-50.635	-0.000	-0.000
102.854	50.305	59.573	0.414	-6.152	43.779	4.262	-5.061	-29.584	6.822
28.850	-4.158

No.48       >Negative_648
0.000	0.000	0.000	0.000	11.910	23.820	0.000	0.000	0.000	0.000
0.000	0.000	0.000	0.000	0.000	0.000	0.000	11.910	0.000	0.000
16.526	4.070	-7.732	18.365	-1.639	0.520	11.374	-2.161	-5.484	17.964
0.088	0.468

No.49       >Negative_701
-0.000	-0.000	-0.000	-0.000	-0.000	-490.451	-0.000	-0.000	-490.451	-0.000
-490.451	-0.000	-0.000	-0.000	-0.000	-0.000	-0.000	-0.000	-0.000	-0.000
695.339	312.161	217.258	-30.002	-142.863	268.058	-254.308	52.083	646.803	-267.112
104.322	-30.386

No.50       >Negative_729
53.036	0.000	0.000	0.000	0.000	0.000	0.000	0.000	0.000	0.000
0.000	0.000	0.000	53.036	0.000	53.036	0.000	0.000	0.000	0.000
1.504	0.656	47.273	2.768	-1.787	4.997	-38.311	-2.319	-33.018	-4.569
-38.790	2.487

No.51       >Negative_700
0.000	0.000	0.000	0.000	0.000	0.000	0.000	0.000	53.328	0.000
53.328	0.000	0.000	0.000	0.000	0.000	53.328	0.000	0.000	0.000
-41.917	-37.460	-4.209	-2.139	42.158	-14.604	6.337	-13.556	-15.957	-0.921
69.275	-46.991

No.52       >Negative_798
-0.000	-0.000	-0.000	-0.000	-0.000	-0.000	-0.000	-294.946	-294.946	-0.000
-0.000	-0.000	-0.000	-0.000	-0.000	-0.000	-294.946	-0.000	-0.000	-0.000
392.441	301.879	49.454	-5.565	-36.636	151.769	27.141	-31.114	-43.966	43.903
154.862	-19.329

No.53       >Negative_371
0.000	24.191	0.000	24.191	24.191	24.191	0.000	0.000	0.000	0.000
0.000	24.191	48.381	24.191	24.191	0.000	0.000	24.191	0.000	24.191
-3.808	-14.580	-45.003	-10.599	-57.279	83.185	26.153	-17.888	2.959	-65.507
-59.099	-4.631

No.54       >Negative_79
-0.000	-0.000	-0.000	-0.000	-0.000	-0.000	-125.404	-0.000	-0.000	-62.702
-0.000	-0.000	-62.702	-0.000	-0.000	-0.000	-0.000	-0.000	-0.000	-0.000
14.732	-0.572	17.340	23.562	83.392	4.062	30.246	-6.748	34.368	-14.184
158.435	6.174

No.55       >Negative_99
0.000	0.000	0.000	0.000	0.000	0.000	18.485	0.000	0.000	12.324
0.000	0.000	6.162	0.000	0.000	0.000	0.000	0.000	0.000	0.000
5.934	2.388	1.985	35.993	1.488	3.397	-0.900	0.172	-0.127	15.610
-4.537	1.625

No.56       >Negative_343
0.000	0.000	0.000	0.000	0.000	0.000	0.000	0.000	0.000	39.244
0.000	0.000	0.000	19.622	0.000	0.000	0.000	0.000	0.000	0.000
-29.130	-5.736	-1.822	-2.157	-5.277	1.478	36.327	21.905	1.197	21.946
1.789	0.616

No.57       >Negative_612
0.000	0.000	0.000	0.000	155.860	0.000	155.860	0.000	0.000	0.000
0.000	155.860	155.860	155.860	0.000	0.000	0.000	0.000	0.000	0.000
-153.474	-7.168	-19.961	-177.319	-288.391	-57.369	104.647	-25.850	-70.213	-202.005
56.357	161.445

No.58       >Negative_759
0.000	0.000	0.000	0.000	0.000	0.000	0.000	0.000	0.000	103.727
0.000	0.000	0.000	51.864	0.000	0.000	0.000	0.000	0.000	0.000
9.060	20.356	-0.786	24.914	-4.392	2.635	-73.349	-14.443	-4.588	-5.431
-13.288	3.720

No.59       >Negative_40
0.000	0.000	8.953	8.953	0.000	0.000	0.000	4.477	0.000	4.477
4.477	0.000	4.477	4.477	0.000	4.477	0.000	4.477	0.000	0.000
3.354	9.943	3.727	3.218	-2.155	18.395	-0.905	-0.018	3.052	-4.461
1.221	15.386

No.60       >Negative_766
0.000	0.000	0.000	13.104	0.000	0.000	0.000	0.000	0.000	0.000
0.000	0.000	6.552	0.000	0.000	0.000	0.000	0.000	0.000	0.000
-1.040	2.183	-2.581	-0.157	9.679	0.172	6.413	32.642	1.238	0.002
1.635	30.157

No.61       >Negative_815
-0.000	-0.000	-73.897	-0.000	-0.000	-0.000	-0.000	-73.897	-73.897	-0.000
-0.000	-0.000	-0.000	-0.000	-0.000	-0.000	-0.000	-0.000	-0.000	-0.000
205.963	170.916	2.363	55.148	31.327	-0.795	-167.902	-346.669	5.167	11.251
33.604	321.317

No.62       >Negative_629
0.000	0.000	10.119	10.119	0.000	10.119	0.000	0.000	0.000	10.119
0.000	0.000	10.119	0.000	0.000	10.119	0.000	10.119	0.000	0.000
-1.947	7.985	13.335	3.542	4.098	14.773	-8.067	-11.421	4.994	-9.327
5.197	6.002

No.63       >Negative_85
0.000	0.000	0.000	0.000	0.000	0.000	17.529	0.000	0.000	0.000
0.000	0.000	8.765	0.000	0.000	0.000	0.000	0.000	0.000	0.000
-0.727	-0.251	-6.331	27.559	-33.873	-0.091	2.425	0.332	5.758	56.938
15.468	6.499

No.64       >Negative_627
10.516	0.000	10.516	0.000	10.516	0.000	0.000	0.000	0.000	0.000
0.000	0.000	0.000	10.516	0.000	21.031	10.516	10.516	0.000	0.000
-0.644	-3.911	-0.620	3.144	-2.112	6.917	1.142	5.041	2.804	-2.946
-2.791	9.850

No.65       >Negative_720
41.398	0.000	41.398	0.000	0.000	0.000	0.000	0.000	0.000	0.000
0.000	0.000	0.000	0.000	0.000	41.398	0.000	0.000	0.000	0.000
1.596	12.889	54.981	-2.380	-20.820	17.619	-35.360	-15.659	12.557	-71.909
11.463	10.828

No.66       >Negative_56
-0.000	-0.000	-11.101	-0.000	-22.202	-11.101	-22.202	-0.000	-0.000	-0.000
-0.000	-0.000	-11.101	-0.000	-0.000	-0.000	-0.000	-0.000	-0.000	-0.000
5.468	-3.227	6.835	51.592	-2.617	0.073	19.604	33.590	4.441	48.493
18.354	-4.900

No.67       >Negative_714
0.000	0.000	0.000	0.000	0.000	0.000	0.000	0.000	0.000	31.709
0.000	0.000	0.000	0.000	0.000	31.709	0.000	0.000	0.000	31.709
-6.110	-13.106	-32.768	2.495	8.385	3.899	14.175	45.840	-14.108	2.622
-8.875	2.421

No.68       >Negative_790
0.000	0.000	49.240	0.000	0.000	0.000	0.000	0.000	0.000	0.000
0.000	0.000	0.000	0.000	0.000	0.000	0.000	24.620	0.000	0.000
-2.868	29.627	1.749	25.147	3.113	52.792	-34.421	-39.453	2.920	-25.397
4.266	8.666

No.69       >Negative_76
-0.000	-0.000	-0.000	-0.000	-0.000	-0.000	-65.893	-0.000	-0.000	-32.947
-0.000	-0.000	-32.947	-0.000	-0.000	-0.000	-0.000	-0.000	-0.000	-0.000
9.734	-0.378	11.457	15.568	55.099	2.684	19.984	-4.459	22.708	-9.372
104.681	4.080

No.70       >Negative_681
-0.000	-14.131	-0.000	-0.000	-0.000	-0.000	-0.000	-0.000	-14.131	-14.131
-0.000	-0.000	-0.000	-0.000	-0.000	-0.000	-0.000	-0.000	-0.000	-0.000
1.426	3.857	0.766	22.493	26.221	10.240	35.549	30.725	1.399	-1.140
6.041	4.818

No.71       >Negative_424
0.000	0.000	0.000	0.000	0.000	0.000	0.000	0.000	13.585	0.000
0.000	0.000	27.171	13.585	0.000	13.585	0.000	13.585	0.000	0.000
-3.735	-0.153	4.055	-2.602	-40.067	0.332	3.640	2.688	11.093	7.623
40.456	-4.841

No.72       >Negative_93
0.000	0.000	0.000	0.000	0.000	0.000	50.878	0.000	0.000	25.439
0.000	0.000	25.439	0.000	0.000	0.000	0.000	0.000	0.000	0.000
4.268	-1.544	1.652	85.679	-12.381	7.567	-12.633	2.818	-14.355	5.924
-66.173	-2.579

No.73       >Negative_765
16.064	0.000	0.000	16.064	0.000	0.000	0.000	0.000	0.000	0.000
0.000	0.000	16.064	0.000	0.000	0.000	0.000	0.000	0.000	0.000
-6.877	-0.762	-9.103	-0.029	13.989	2.266	1.868	-0.415	26.407	-18.291
42.733	0.024

No.74       >Negative_854
0.000	0.000	0.000	47.685	0.000	0.000	0.000	0.000	0.000	95.370
0.000	47.685	95.370	47.685	0.000	0.000	0.000	0.000	0.000	47.685
21.795	19.872	-28.489	-3.204	-135.592	-99.454	-59.462	-19.528	14.413	-55.300
67.728	-4.260

No.75       >Negative_809
-192.234	-0.000	-192.234	-0.000	-0.000	-0.000	-0.000	-0.000	-192.234	-0.000
-0.000	-0.000	-0.000	-0.000	-0.000	-0.000	-0.000	-0.000	-0.000	-0.000
-65.984	-399.139	85.786	6.667	181.247	431.287	175.369	77.660	-62.277	356.636
-56.850	-53.700

No.76       >Negative_704
0.000	0.000	45.165	0.000	0.000	0.000	0.000	45.165	0.000	45.165
0.000	0.000	0.000	0.000	0.000	0.000	0.000	0.000	0.000	0.000
-113.267	-141.759	2.536	-109.888	9.546	23.547	150.900	69.891	3.821	53.832
13.383	1.964

No.77       >Negative_725
0.000	0.000	955.693	0.000	0.000	0.000	0.000	0.000	0.000	1911.386
0.000	0.000	0.000	0.000	0.000	0.000	0.000	0.000	0.000	0.000
66.266	-272.201	24.077	-205.395	43.239	96.624	-745.470	-1073.823	19.212	-941.215
43.239	178.370

No.78       >Negative_682
0.000	25.715	0.000	0.000	0.000	0.000	0.000	0.000	0.000	51.430
0.000	0.000	0.000	0.000	0.000	0.000	0.000	0.000	0.000	0.000
25.511	18.059	2.431	-21.263	11.756	1.922	10.960	11.962	3.540	-66.727
21.538	3.165

No.79       >Negative_415
-0.000	-0.000	-29.277	-0.000	-0.000	-0.000	-0.000	-29.277	-0.000	-29.277
-0.000	-29.277	-0.000	-0.000	-0.000	-0.000	-0.000	-0.000	-0.000	-0.000
13.221	20.363	-2.153	16.395	5.621	1.313	72.290	54.220	-1.936	33.317
1.821	2.635

No.80       >Negative_397
12.605	0.000	12.605	0.000	12.605	0.000	0.000	0.000	0.000	25.211
0.000	0.000	12.605	0.000	0.000	12.605	0.000	0.000	12.605	0.000
-3.522	-16.349	3.100	-36.018	4.197	4.769	22.831	16.494	-39.134	35.290
2.298	5.201

No.81       >Negative_702
-0.000	-0.000	-0.000	-0.000	-0.000	-51.342	-0.000	-0.000	-51.342	-51.342
-0.000	-0.000	-0.000	-0.000	-0.000	-0.000	-0.000	-0.000	-0.000	-0.000
7.602	-3.402	9.574	-23.230	7.733	6.561	114.461	98.929	4.505	-3.670
19.450	15.512

No.82       >Negative_609
18.058	0.000	18.058	0.000	0.000	0.000	0.000	0.000	0.000	0.000
0.000	18.058	18.058	0.000	18.058	0.000	18.058	0.000	0.000	18.058
-12.579	-3.646	-16.861	-9.248	-25.884	1.009	23.844	-21.118	-4.710	-3.731
-16.017	62.533

No.83       >Negative_841
0.000	0.000	0.000	0.000	0.000	0.000	0.000	0.000	30.316	0.000
0.000	0.000	0.000	0.000	0.000	0.000	0.000	0.000	0.000	15.158
21.843	11.506	6.684	0.090	25.387	22.384	-9.160	-42.457	10.885	0.090
19.787	-12.514

No.84       >Negative_671
4.866	0.000	0.000	4.866	0.000	14.599	0.000	0.000	0.000	0.000
0.000	0.000	0.000	0.000	0.000	4.866	0.000	0.000	0.000	0.000
-1.955	1.389	19.864	2.491	0.163	1.687	2.014	1.802	38.821	4.793
-2.659	2.393

No.85       >Negative_428
0.000	0.000	0.000	0.000	0.000	0.000	9.659	0.000	0.000	19.317
0.000	0.000	19.317	0.000	0.000	0.000	0.000	0.000	0.000	0.000
-0.275	-0.996	1.764	-25.329	8.562	-0.560	9.402	5.809	0.678	29.128
23.412	0.113

No.86       >Negative_838
0.000	0.000	11.556	0.000	0.000	0.000	0.000	0.000	0.000	0.000
0.000	0.000	0.000	0.000	0.000	0.000	5.778	0.000	0.000	0.000
0.405	-1.444	0.668	2.319	-1.512	5.304	7.294	25.098	0.147	19.245
0.498	24.643

No.87       >Negative_767
0.000	0.000	0.000	51.201	0.000	0.000	0.000	0.000	0.000	0.000
0.000	0.000	51.201	51.201	0.000	0.000	0.000	0.000	0.000	0.000
20.618	20.849	-4.777	-0.557	21.648	20.845	-7.783	1.837	-15.148	5.798
-117.168	0.232

No.88       >Negative_473
0.000	0.000	0.000	0.000	0.000	0.000	0.000	16.244	16.244	0.000
0.000	16.244	0.000	0.000	16.244	0.000	0.000	0.000	0.000	0.000
-41.537	-14.569	-3.156	-0.541	0.430	34.590	-1.774	-18.600	-4.762	0.739
-0.659	84.864

No.89       >Negative_398
0.000	0.000	0.000	9.687	29.060	0.000	0.000	0.000	0.000	9.687
0.000	0.000	0.000	0.000	0.000	9.687	0.000	0.000	0.000	0.000
9.771	3.034	-1.880	30.053	0.024	5.497	-0.338	-11.665	-12.495	14.084
2.373	3.422

No.90       >Negative_77
0.000	0.000	0.000	0.000	0.000	0.000	69.228	0.000	0.000	34.614
0.000	0.000	34.614	0.000	0.000	0.000	0.000	0.000	0.000	0.000
-3.419	1.295	9.786	34.647	32.561	8.487	-17.688	3.946	-20.099	8.295
-92.655	-3.611

No.91       >Negative_752
0.000	0.000	0.000	62.135	0.000	0.000	0.000	0.000	0.000	0.000
0.000	62.135	0.000	0.000	0.000	62.135	0.000	0.000	0.000	0.000
35.428	20.614	5.600	-0.204	10.715	-208.755	13.152	44.083	-33.189	0.155
-24.141	50.139

No.92       >Negative_703
0.000	0.000	548.428	0.000	0.000	548.428	0.000	0.000	0.000	548.428
0.000	0.000	0.000	0.000	0.000	0.000	0.000	0.000	0.000	0.000
-206.976	-681.630	190.752	-280.913	51.452	114.339	-401.700	173.357	238.066	-990.443
51.452	196.961

No.93       >Negative_599
0.000	0.000	26.102	0.000	0.000	0.000	0.000	13.051	0.000	13.051
0.000	26.102	0.000	13.051	13.051	0.000	0.000	0.000	0.000	13.051
4.859	17.216	-4.691	6.651	0.879	22.660	13.774	21.109	0.663	-8.348
-4.686	-87.546

No.94       >Negative_816
34.724	0.000	34.724	0.000	0.000	0.000	0.000	34.724	0.000	0.000
0.000	0.000	0.000	0.000	0.000	0.000	0.000	0.000	0.000	0.000
-54.647	-49.221	6.763	-62.564	9.431	12.117	51.953	7.398	18.126	29.853
25.753	0.865

No.95       >Negative_844
0.000	0.000	0.000	0.000	0.000	0.000	0.000	0.000	0.000	0.000
0.000	0.000	137.189	137.189	0.000	0.000	137.189	0.000	0.000	0.000
2.829	-2.437	17.327	13.918	-84.001	9.395	-15.809	3.732	-30.769	11.778
-238.000	0.470

No.96       >Negative_705
0.000	0.000	62.234	0.000	0.000	0.000	0.000	62.234	0.000	0.000
0.000	0.000	0.000	62.234	0.000	0.000	0.000	0.000	0.000	0.000
-118.057	-75.850	-1.553	-47.774	-12.366	13.393	74.794	35.183	-3.657	11.574
-15.959	53.571

No.97       >Negative_823
-0.000	-0.000	-0.000	-0.000	-0.000	-0.000	-0.000	-0.000	-56.629	-56.629
-0.000	-0.000	-0.000	-0.000	-0.000	-0.000	-0.000	-56.629	-0.000	-0.000
15.465	18.383	2.788	-14.142	15.222	6.854	103.496	89.452	4.074	-3.318
17.587	14.026

No.98       >Negative_414
7.568	0.000	7.568	0.000	0.000	15.136	0.000	0.000	0.000	15.136
0.000	0.000	0.000	0.000	0.000	0.000	0.000	7.568	0.000	0.000
3.028	-4.659	26.633	-0.526	3.544	2.242	6.263	1.628	7.211	-3.180
2.497	2.342

No.99       >Negative_831
0.000	0.000	0.000	0.000	66.528	0.000	0.000	0.000	0.000	0.000
0.000	66.528	0.000	0.000	0.000	66.528	0.000	0.000	0.000	0.000
-56.349	-28.268	-53.438	7.035	33.544	-18.813	13.849	5.686	16.326	-0.360
49.904	-68.699

No.100       >Negative_821
0.000	0.000	0.000	15.259	0.000	0.000	0.000	0.000	15.259	0.000
0.000	15.259	0.000	0.000	0.000	0.000	0.000	0.000	0.000	0.000
18.938	7.802	-1.129	-0.028	6.494	-1.028	24.065	60.430	2.292	0.019
-9.303	-54.332

No.101       >Negative_876
8.969	0.000	17.938	0.000	0.000	0.000	0.000	0.000	8.969	0.000
0.000	8.969	8.969	0.000	0.000	8.969	0.000	17.938	0.000	0.000
-5.740	11.888	9.731	16.853	-2.202	10.352	1.815	3.028	4.847	4.427
-16.251	-19.473

No.102       >Negative_448
-0.000	-0.000	-0.000	-0.000	-0.000	-0.000	-0.000	-0.000	-0.000	-0.000
-0.000	-0.000	-0.000	-0.000	-42.675	-42.675	-0.000	-0.000	-42.675	-0.000
80.956	118.154	-15.795	-2.583	-9.470	15.103	-33.589	-32.930	93.858	0.269
-37.312	51.366

No.103       >Negative_101
0.000	0.000	0.000	0.000	0.000	0.000	49.315	0.000	0.000	0.000
0.000	0.000	24.657	0.000	0.000	0.000	0.000	0.000	0.000	0.000
0.955	0.046	-0.323	47.523	-10.351	3.604	-0.818	-0.282	-7.122	30.999
-38.102	-0.102

No.104       >Negative_828
-0.000	-0.000	-0.000	-0.000	-0.000	-0.000	-0.000	-108.213	-0.000	-108.213
-0.000	-0.000	-0.000	-0.000	-108.213	-0.000	-0.000	-0.000	-0.000	-0.000
528.129	235.135	40.537	4.155	52.033	51.959	-250.296	-115.927	-6.337	-89.291
-22.199	-3.258