No.1     >Negative_416
0.000	0.000	0.000	0.000	20.724	0.000	0.000	20.724	0.000	0.000
0.000	0.000	0.000	0.000	0.000	0.000	0.000	20.724	0.000	0.000
16.156	21.672

No.2     >Negative_691
15.433	0.000	0.000	0.000	0.000	15.433	0.000	0.000	0.000	0.000
0.000	0.000	0.000	15.433	0.000	0.000	0.000	0.000	0.000	0.000
18.692	35.008

No.3     >Negative_441
0.000	0.000	0.000	0.000	0.000	0.000	0.000	0.000	0.000	42.408
0.000	0.000	0.000	0.000	0.000	0.000	0.000	0.000	21.204	0.000
36.388	0.000

No.4     >Negative_445
0.000	0.000	0.000	0.000	6.378	0.000	0.000	0.000	0.000	0.000
0.000	0.000	0.000	0.000	6.378	0.000	0.000	0.000	6.378	0.000
27.820	53.047

No.5     >Negative_333
0.000	0.000	0.000	8.402	8.402	0.000	0.000	8.402	0.000	0.000
0.000	0.000	0.000	8.402	0.000	0.000	0.000	0.000	0.000	0.000
31.111	35.281

No.6     >Negative_396
7.020	0.000	0.000	0.000	0.000	0.000	0.000	0.000	0.000	7.020
0.000	21.059	0.000	0.000	0.000	0.000	0.000	0.000	7.020	0.000
49.285	8.596

No.7     >Negative_689
0.000	11.921	0.000	0.000	0.000	11.921	0.000	0.000	0.000	0.000
0.000	0.000	0.000	0.000	0.000	0.000	11.921	0.000	0.000	0.000
51.300	12.936

No.8     >Negative_411
0.000	0.000	4.550	4.550	0.000	4.550	0.000	0.000	0.000	13.651
0.000	0.000	4.550	0.000	0.000	4.550	0.000	9.100	0.000	0.000
20.354	34.144

No.9     >Negative_81
0.000	0.000	0.000	0.000	0.000	0.000	17.696	0.000	0.000	8.848
0.000	0.000	8.848	0.000	0.000	0.000	0.000	0.000	0.000	0.000
22.853	41.756

No.10     >Negative_818
12.252	0.000	0.000	0.000	0.000	0.000	0.000	0.000	0.000	12.252
0.000	12.252	0.000	0.000	0.000	0.000	0.000	0.000	0.000	0.000
23.340	39.902

No.11     >Negative_871
2.766	0.000	0.000	5.533	0.000	5.533	5.533	0.000	2.766	2.766
0.000	0.000	2.766	8.299	0.000	2.766	0.000	0.000	0.000	0.000
29.740	31.531

No.12     >Negative_346
0.000	0.000	0.000	8.675	8.675	0.000	0.000	0.000	0.000	8.675
0.000	0.000	0.000	8.675	0.000	0.000	0.000	0.000	0.000	0.000
30.390	34.911

No.13     >Negative_600
3.030	0.000	3.030	0.000	0.000	3.030	0.000	0.000	6.059	6.059
0.000	0.000	12.119	0.000	0.000	3.030	0.000	0.000	0.000	0.000
38.007	25.636

No.14     >Negative_401
0.000	0.000	0.000	0.000	47.942	0.000	0.000	0.000	0.000	23.971
0.000	0.000	0.000	0.000	0.000	0.000	0.000	0.000	0.000	0.000
9.363	18.725

No.15     >Negative_797
0.000	0.000	0.000	0.000	0.000	0.000	0.000	0.000	35.566	0.000
0.000	0.000	0.000	0.000	0.000	0.000	17.783	0.000	0.000	0.000
46.650	0.000

No.16     >Negative_734
0.000	0.000	0.000	0.000	0.000	0.000	0.000	0.000	0.000	0.000
0.000	0.000	0.000	0.000	7.383	0.000	0.000	7.383	0.000	7.383
35.340	42.510

No.17     >Negative_732
0.000	0.000	0.000	0.000	0.000	0.000	0.000	0.000	0.000	6.573
0.000	0.000	6.573	0.000	6.573	0.000	0.000	0.000	0.000	0.000
32.336	47.946

No.18     >Negative_399
0.000	0.000	0.000	0.000	18.646	0.000	0.000	0.000	0.000	9.323
0.000	0.000	0.000	9.323	0.000	0.000	9.323	0.000	0.000	0.000
19.144	34.242

No.19     >Negative_694
23.957	0.000	0.000	0.000	0.000	0.000	0.000	23.957	0.000	23.957
0.000	0.000	0.000	0.000	0.000	0.000	0.000	0.000	0.000	0.000
9.533	18.597

No.20     >Negative_833
0.000	0.000	0.000	0.000	0.000	0.000	0.000	0.000	0.000	0.000
0.000	12.140	12.140	0.000	0.000	0.000	12.140	0.000	0.000	0.000
40.027	23.552

No.21     >Negative_805
0.000	0.000	0.000	8.927	0.000	0.000	0.000	0.000	8.927	8.927
0.000	0.000	0.000	0.000	0.000	0.000	0.000	0.000	0.000	0.000
29.930	43.289

No.22     >Negative_730
14.666	0.000	0.000	0.000	0.000	0.000	0.000	0.000	0.000	0.000
0.000	0.000	14.666	0.000	0.000	14.666	0.000	0.000	0.000	0.000
18.742	37.261

No.23     >Negative_733
0.000	0.000	0.000	0.000	0.000	0.000	0.000	0.000	0.000	9.329
0.000	0.000	0.000	0.000	9.329	0.000	0.000	9.329	0.000	0.000
70.987	1.026

No.24     >Negative_443
0.000	0.000	0.000	0.000	0.000	0.000	0.000	0.000	0.000	0.000
10.662	0.000	10.662	0.000	0.000	0.000	0.000	0.000	10.662	0.000
36.009	32.005

No.25     >Negative_413
0.000	0.000	0.000	6.500	6.500	0.000	0.000	13.000	0.000	0.000
0.000	6.500	0.000	0.000	0.000	6.500	0.000	0.000	0.000	0.000
29.322	31.677

No.26     >Negative_893
6.472	0.000	0.000	0.000	0.000	0.000	0.000	0.000	0.000	12.944
0.000	0.000	12.944	0.000	0.000	6.472	0.000	0.000	0.000	6.472
21.895	32.802

No.27     >Negative_819
0.000	0.000	0.000	9.774	0.000	0.000	0.000	0.000	0.000	9.774
0.000	9.774	0.000	0.000	0.000	0.000	0.000	0.000	0.000	0.000
38.390	32.288

No.28     >Negative_664
0.000	0.000	7.799	0.000	7.799	0.000	0.000	0.000	0.000	7.799
0.000	0.000	7.799	0.000	0.000	0.000	0.000	7.799	0.000	0.000
29.295	31.709

No.29     >Negative_334
23.332	0.000	0.000	0.000	0.000	0.000	0.000	0.000	0.000	23.332
0.000	0.000	11.666	0.000	0.000	0.000	0.000	0.000	0.000	0.000
26.493	15.178

No.30     >Negative_693
15.973	0.000	0.000	0.000	0.000	0.000	0.000	0.000	0.000	15.973
0.000	0.000	0.000	15.973	0.000	0.000	0.000	0.000	0.000	0.000
23.981	28.100

No.31     >Negative_837
0.000	0.000	13.475	0.000	0.000	0.000	0.000	0.000	0.000	13.475
0.000	0.000	0.000	0.000	0.000	0.000	13.475	0.000	0.000	0.000
45.884	13.692

No.32     >Negative_685
26.788	0.000	0.000	0.000	0.000	0.000	0.000	0.000	0.000	53.577
0.000	0.000	0.000	0.000	0.000	0.000	0.000	0.000	0.000	0.000
19.635	0.000

No.33     >Negative_715
20.239	0.000	0.000	0.000	0.000	0.000	0.000	0.000	0.000	20.239
0.000	0.000	0.000	0.000	0.000	20.239	0.000	0.000	0.000	0.000
20.120	19.164

No.34     >Negative_794
11.780	0.000	0.000	11.780	0.000	0.000	0.000	11.780	0.000	0.000
0.000	0.000	0.000	0.000	0.000	0.000	0.000	0.000	0.000	0.000
22.662	41.999

No.35     >Negative_737
0.000	0.000	0.000	25.734	0.000	0.000	0.000	0.000	0.000	0.000
0.000	0.000	0.000	0.000	0.000	0.000	0.000	12.867	0.000	0.000
20.467	40.933

No.36     >Negative_731
17.467	0.000	0.000	0.000	0.000	0.000	0.000	0.000	0.000	17.467
0.000	0.000	17.467	0.000	0.000	0.000	0.000	0.000	0.000	0.000
34.797	12.803

No.37     >Negative_736
0.000	0.000	0.000	11.339	0.000	0.000	0.000	0.000	0.000	0.000
0.000	0.000	0.000	0.000	0.000	0.000	0.000	11.339	0.000	11.339
28.342	37.642

No.38     >Negative_449
0.000	0.000	0.000	0.000	0.000	0.000	0.000	0.000	0.000	0.000
0.000	0.000	0.000	0.000	6.251	0.000	0.000	6.251	6.251	0.000
32.769	48.478

No.39     >Negative_598
4.091	0.000	4.091	0.000	0.000	0.000	0.000	0.000	0.000	8.181
0.000	0.000	4.091	0.000	4.091	8.181	0.000	4.091	0.000	0.000
28.213	34.972

No.40     >Negative_484
9.996	0.000	0.000	0.000	0.000	0.000	0.000	0.000	0.000	0.000
0.000	0.000	9.996	9.996	0.000	0.000	0.000	19.991	0.000	0.000
31.558	18.464

No.41     >Negative_71
0.000	0.000	0.000	0.000	0.000	0.000	0.000	0.000	0.000	0.000
0.000	0.000	9.655	0.000	0.000	9.655	0.000	9.655	0.000	9.655
27.822	33.557

No.42     >Negative_37
7.760	0.000	0.000	23.281	0.000	7.760	0.000	7.760	0.000	0.000
0.000	0.000	0.000	0.000	0.000	0.000	0.000	0.000	0.000	0.000
49.833	3.605

No.43     >Negative_345
6.554	0.000	0.000	13.108	6.554	0.000	0.000	6.554	0.000	0.000
0.000	0.000	0.000	0.000	0.000	0.000	0.000	0.000	0.000	0.000
25.464	41.765

No.44     >Negative_706
0.000	0.000	0.000	0.000	0.000	0.000	0.000	9.581	9.581	0.000
0.000	0.000	0.000	9.581	0.000	0.000	0.000	0.000	0.000	0.000
18.583	52.674

No.45     >Negative_680
0.000	7.246	0.000	0.000	0.000	0.000	0.000	0.000	7.246	0.000
7.246	0.000	0.000	0.000	0.000	0.000	0.000	0.000	0.000	0.000
43.739	34.523

No.46     >Negative_874
3.152	0.000	0.000	0.000	0.000	0.000	3.152	3.152	3.152	0.000
0.000	0.000	6.305	0.000	3.152	3.152	0.000	3.152	0.000	0.000
35.138	36.492

No.47     >Negative_786
0.000	0.000	0.000	0.000	0.000	0.000	0.000	0.000	0.000	0.000
0.000	0.000	0.000	0.000	9.671	0.000	9.671	9.671	0.000	0.000
61.828	9.160

No.48     >Negative_648
0.000	0.000	0.000	0.000	10.908	21.816	0.000	0.000	0.000	0.000
0.000	0.000	0.000	0.000	0.000	0.000	0.000	10.908	0.000	0.000
26.821	29.547

No.49     >Negative_701
0.000	0.000	0.000	0.000	0.000	11.319	0.000	0.000	11.319	0.000
11.319	0.000	0.000	0.000	0.000	0.000	0.000	0.000	0.000	0.000
45.438	20.604

No.50     >Negative_729
16.558	0.000	0.000	0.000	0.000	0.000	0.000	0.000	0.000	0.000
0.000	0.000	0.000	16.558	0.000	16.558	0.000	0.000	0.000	0.000
12.742	37.583

No.51     >Negative_700
0.000	0.000	0.000	0.000	0.000	0.000	0.000	0.000	13.034	0.000
13.034	0.000	0.000	0.000	0.000	0.000	13.034	0.000	0.000	0.000
26.704	34.193

No.52     >Negative_798
0.000	0.000	0.000	0.000	0.000	0.000	0.000	11.927	11.927	0.000
0.000	0.000	0.000	0.000	0.000	0.000	11.927	0.000	0.000	0.000
48.430	15.789

No.53     >Negative_371
0.000	2.456	0.000	2.456	2.456	2.456	0.000	0.000	0.000	0.000
0.000	2.456	4.911	2.456	2.456	0.000	0.000	2.456	0.000	2.456
34.405	38.582

No.54     >Negative_79
0.000	0.000	0.000	0.000	0.000	0.000	15.478	0.000	0.000	7.739
0.000	0.000	7.739	0.000	0.000	0.000	0.000	0.000	0.000	0.000
32.520	36.524

No.55     >Negative_99
0.000	0.000	0.000	0.000	0.000	0.000	22.840	0.000	0.000	15.227
0.000	0.000	7.613	0.000	0.000	0.000	0.000	0.000	0.000	0.000
18.329	35.991

No.56     >Negative_343
0.000	0.000	0.000	0.000	0.000	0.000	0.000	0.000	0.000	42.024
0.000	0.000	0.000	21.012	0.000	0.000	0.000	0.000	0.000	0.000
36.965	0.000

No.57     >Negative_612
0.000	0.000	0.000	0.000	6.097	0.000	6.097	0.000	0.000	0.000
0.000	6.097	6.097	6.097	0.000	0.000	0.000	0.000	0.000	0.000
40.608	28.909

No.58     >Negative_759
0.000	0.000	0.000	0.000	0.000	0.000	0.000	0.000	0.000	35.468
0.000	0.000	0.000	17.734	0.000	0.000	0.000	0.000	0.000	0.000
15.599	31.198

No.59     >Negative_40
0.000	0.000	7.869	7.869	0.000	0.000	0.000	3.934	0.000	3.934
3.934	0.000	3.934	3.934	0.000	3.934	0.000	3.934	0.000	0.000
25.079	31.643

No.60     >Negative_766
0.000	0.000	0.000	33.912	0.000	0.000	0.000	0.000	0.000	0.000
0.000	0.000	16.956	0.000	0.000	0.000	0.000	0.000	0.000	0.000
49.132	0.000

No.61     >Negative_815
0.000	0.000	8.242	0.000	0.000	0.000	0.000	8.242	8.242	0.000
0.000	0.000	0.000	0.000	0.000	0.000	0.000	0.000	0.000	0.000
42.410	32.864

No.62     >Negative_629
0.000	0.000	5.602	5.602	0.000	5.602	0.000	0.000	0.000	5.602
0.000	0.000	5.602	0.000	0.000	5.602	0.000	5.602	0.000	0.000
23.489	37.299

No.63     >Negative_85
0.000	0.000	0.000	0.000	0.000	0.000	30.106	0.000	0.000	0.000
0.000	0.000	15.053	0.000	0.000	0.000	0.000	0.000	0.000	0.000
54.841	0.000

No.64     >Negative_627
5.849	0.000	5.849	0.000	5.849	0.000	0.000	0.000	0.000	0.000
0.000	0.000	0.000	5.849	0.000	11.698	5.849	5.849	0.000	0.000
27.479	25.729

No.65     >Negative_720
11.611	0.000	11.611	0.000	0.000	0.000	0.000	0.000	0.000	0.000
0.000	0.000	0.000	0.000	0.000	11.611	0.000	0.000	0.000	0.000
18.270	46.897

No.66     >Negative_56
0.000	0.000	3.509	0.000	7.018	3.509	7.018	0.000	0.000	0.000
0.000	0.000	3.509	0.000	0.000	0.000	0.000	0.000	0.000	0.000
34.881	40.555

No.67     >Negative_714
0.000	0.000	0.000	0.000	0.000	0.000	0.000	0.000	0.000	16.733
0.000	0.000	0.000	0.000	0.000	16.733	0.000	0.000	0.000	16.733
28.281	21.519

No.68     >Negative_790
0.000	0.000	21.639	0.000	0.000	0.000	0.000	0.000	0.000	0.000
0.000	0.000	0.000	0.000	0.000	0.000	0.000	10.819	0.000	0.000
22.514	45.028

No.69     >Negative_76
0.000	0.000	0.000	0.000	0.000	0.000	15.478	0.000	0.000	7.739
0.000	0.000	7.739	0.000	0.000	0.000	0.000	0.000	0.000	0.000
32.520	36.524

No.70     >Negative_681
0.000	7.026	0.000	0.000	0.000	0.000	0.000	0.000	7.026	7.026
0.000	0.000	0.000	0.000	0.000	0.000	0.000	0.000	0.000	0.000
44.853	34.070

No.71     >Negative_424
0.000	0.000	0.000	0.000	0.000	0.000	0.000	0.000	6.794	0.000
0.000	0.000	13.587	6.794	0.000	6.794	0.000	6.794	0.000	0.000
38.492	20.745

No.72     >Negative_93
0.000	0.000	0.000	0.000	0.000	0.000	17.553	0.000	0.000	8.776
0.000	0.000	8.776	0.000	0.000	0.000	0.000	0.000	0.000	0.000
23.476	41.419

No.73     >Negative_765
13.169	0.000	0.000	13.169	0.000	0.000	0.000	0.000	0.000	0.000
0.000	0.000	13.169	0.000	0.000	0.000	0.000	0.000	0.000	0.000
39.303	21.189

No.74     >Negative_854
0.000	0.000	0.000	4.607	0.000	0.000	0.000	0.000	0.000	9.215
0.000	4.607	9.215	4.607	0.000	0.000	0.000	0.000	0.000	4.607
35.300	27.841

No.75     >Negative_809
8.742	0.000	8.742	0.000	0.000	0.000	0.000	0.000	8.742	0.000
0.000	0.000	0.000	0.000	0.000	0.000	0.000	0.000	0.000	0.000
38.464	35.309

No.76     >Negative_704
0.000	0.000	12.863	0.000	0.000	0.000	0.000	12.863	0.000	12.863
0.000	0.000	0.000	0.000	0.000	0.000	0.000	0.000	0.000	0.000
60.602	0.809

No.77     >Negative_725
0.000	0.000	10.056	0.000	0.000	0.000	0.000	0.000	0.000	20.112
0.000	0.000	0.000	0.000	0.000	0.000	0.000	0.000	0.000	0.000
23.277	46.554

No.78     >Negative_682
0.000	10.663	0.000	0.000	0.000	0.000	0.000	0.000	0.000	21.327
0.000	0.000	0.000	0.000	0.000	0.000	0.000	0.000	0.000	0.000
22.670	45.340

No.79     >Negative_415
0.000	0.000	7.751	0.000	0.000	0.000	0.000	7.751	0.000	7.751
0.000	7.751	0.000	0.000	0.000	0.000	0.000	0.000	0.000	0.000
28.330	40.667

No.80     >Negative_397
4.272	0.000	4.272	0.000	4.272	0.000	0.000	0.000	0.000	8.545
0.000	0.000	4.272	0.000	0.000	4.272	0.000	0.000	4.272	0.000
36.677	29.143

No.81     >Negative_702
0.000	0.000	0.000	0.000	0.000	9.365	0.000	0.000	9.365	9.365
0.000	0.000	0.000	0.000	0.000	0.000	0.000	0.000	0.000	0.000
26.492	45.414

No.82     >Negative_609
4.574	0.000	4.574	0.000	0.000	0.000	0.000	0.000	0.000	0.000
0.000	4.574	4.574	0.000	4.574	0.000	4.574	0.000	0.000	4.574
39.310	28.671

No.83     >Negative_841
0.000	0.000	0.000	0.000	0.000	0.000	0.000	0.000	21.762	0.000
0.000	0.000	0.000	0.000	0.000	0.000	0.000	0.000	0.000	10.881
22.453	44.905

No.84     >Negative_671
9.501	0.000	0.000	9.501	0.000	28.504	0.000	0.000	0.000	0.000
0.000	0.000	0.000	0.000	0.000	9.501	0.000	0.000	0.000	0.000
29.924	13.068

No.85     >Negative_428
0.000	0.000	0.000	0.000	0.000	0.000	8.753	0.000	0.000	17.506
0.000	0.000	17.506	0.000	0.000	0.000	0.000	0.000	0.000	0.000
38.521	17.715

No.86     >Negative_838
0.000	0.000	38.602	0.000	0.000	0.000	0.000	0.000	0.000	0.000
0.000	0.000	0.000	0.000	0.000	0.000	19.301	0.000	0.000	0.000
42.097	0.000

No.87     >Negative_767
0.000	0.000	0.000	12.443	0.000	0.000	0.000	0.000	0.000	0.000
0.000	0.000	12.443	12.443	0.000	0.000	0.000	0.000	0.000	0.000
26.051	36.619

No.88     >Negative_473
0.000	0.000	0.000	0.000	0.000	0.000	0.000	6.880	6.880	0.000
0.000	6.880	0.000	0.000	6.880	0.000	0.000	0.000	0.000	0.000
38.674	33.805

No.89     >Negative_398
0.000	0.000	0.000	6.331	18.993	0.000	0.000	0.000	0.000	6.331
0.000	0.000	0.000	0.000	0.000	6.331	0.000	0.000	0.000	0.000
26.060	35.955

No.90     >Negative_77
0.000	0.000	0.000	0.000	0.000	0.000	17.696	0.000	0.000	8.848
0.000	0.000	8.848	0.000	0.000	0.000	0.000	0.000	0.000	0.000
22.853	41.756

No.91     >Negative_752
0.000	0.000	0.000	12.225	0.000	0.000	0.000	0.000	0.000	0.000
0.000	12.225	0.000	0.000	0.000	12.225	0.000	0.000	0.000	0.000
41.273	22.052

No.92     >Negative_703
0.000	0.000	10.151	0.000	0.000	10.151	0.000	0.000	0.000	10.151
0.000	0.000	0.000	0.000	0.000	0.000	0.000	0.000	0.000	0.000
29.512	40.036

No.93     >Negative_599
0.000	0.000	6.962	0.000	0.000	0.000	0.000	3.481	0.000	3.481
0.000	6.962	0.000	3.481	3.481	0.000	0.000	0.000	0.000	3.481
28.363	40.308

No.94     >Negative_816
12.206	0.000	12.206	0.000	0.000	0.000	0.000	12.206	0.000	0.000
0.000	0.000	0.000	0.000	0.000	0.000	0.000	0.000	0.000	0.000
53.905	9.476

No.95     >Negative_844
0.000	0.000	0.000	0.000	0.000	0.000	0.000	0.000	0.000	0.000
0.000	0.000	13.566	13.566	0.000	0.000	13.566	0.000	0.000	0.000
19.382	39.921

No.96     >Negative_705
0.000	0.000	12.056	0.000	0.000	0.000	0.000	12.056	0.000	0.000
0.000	0.000	0.000	12.056	0.000	0.000	0.000	0.000	0.000	0.000
42.203	21.630

No.97     >Negative_823
0.000	0.000	0.000	0.000	0.000	0.000	0.000	0.000	9.620	9.620
0.000	0.000	0.000	0.000	0.000	0.000	0.000	9.620	0.000	0.000
24.492	46.649

No.98     >Negative_414
6.207	0.000	6.207	0.000	0.000	12.413	0.000	0.000	0.000	12.413
0.000	0.000	0.000	0.000	0.000	0.000	0.000	6.207	0.000	0.000
26.246	30.307

No.99     >Negative_831
0.000	0.000	0.000	0.000	11.657	0.000	0.000	0.000	0.000	0.000
0.000	11.657	0.000	0.000	0.000	11.657	0.000	0.000	0.000	0.000
42.024	23.006

No.100     >Negative_821
0.000	0.000	0.000	10.819	0.000	0.000	0.000	0.000	10.819	0.000
0.000	10.819	0.000	0.000	0.000	0.000	0.000	0.000	0.000	0.000
30.731	36.811

No.101     >Negative_876
3.858	0.000	7.716	0.000	0.000	0.000	0.000	0.000	3.858	0.000
0.000	3.858	3.858	0.000	0.000	3.858	0.000	7.716	0.000	0.000
26.942	38.335

No.102     >Negative_448
0.000	0.000	0.000	0.000	0.000	0.000	0.000	0.000	0.000	0.000
0.000	0.000	0.000	0.000	7.115	7.115	0.000	0.000	7.115	0.000
43.089	35.567

No.103     >Negative_101
0.000	0.000	0.000	0.000	0.000	0.000	23.628	0.000	0.000	0.000
0.000	0.000	11.814	0.000	0.000	0.000	0.000	0.000	0.000	0.000
21.520	43.039

No.104     >Negative_828
0.000	0.000	0.000	0.000	0.000	0.000	0.000	9.173	0.000	9.173
0.000	0.000	0.000	0.000	9.173	0.000	0.000	0.000	0.000	0.000
71.904	0.577