No.1     >Positive_seq_95
0.000	0.000	0.000	0.000	7.126	0.000	0.000	0.000	0.000	14.253
14.253	0.000	0.000	0.000	0.000	14.253	0.000	7.126	0.000	0.000
20.669	22.319

No.2     >Positive_seq_131
3.687	3.687	0.000	0.000	1.844	0.000	0.000	1.844	0.000	0.000
0.000	1.844	1.844	0.000	5.531	0.000	5.531	3.687	0.000	0.000
40.033	30.471

No.3     >Positive_seq_93
5.860	0.000	0.000	0.000	5.860	5.860	5.860	5.860	0.000	11.719
0.000	0.000	0.000	0.000	0.000	0.000	0.000	5.860	0.000	0.000
28.044	25.079

No.4     >Positive_seq_111
0.000	4.740	0.000	0.000	2.370	0.000	0.000	0.000	0.000	0.000
0.000	0.000	0.000	0.000	4.740	2.370	2.370	2.370	0.000	0.000
38.733	42.307

No.5     >Positive_seq_102
0.000	0.000	0.000	0.000	0.000	4.331	0.000	8.662	0.000	0.000
0.000	8.662	0.000	4.331	4.331	0.000	4.331	0.000	0.000	0.000
27.924	37.428

No.6     >Positive_seq_45
0.000	0.000	8.706	0.000	8.706	0.000	0.000	0.000	0.000	0.000
0.000	0.000	0.000	0.000	0.000	0.000	0.000	0.000	0.000	8.706
36.479	37.402

No.7     >Positive_seq_105
0.000	0.000	0.000	0.000	0.000	0.000	0.000	0.000	0.000	0.000
0.000	0.000	0.000	0.000	11.269	0.000	0.000	0.000	5.634	5.634
23.239	54.223

No.8     >Positive_seq_67
0.000	0.000	0.000	0.000	6.672	0.000	0.000	0.000	0.000	0.000
0.000	0.000	0.000	0.000	6.672	6.672	0.000	0.000	0.000	6.672
26.858	46.452

No.9     >Positive_seq_101
0.000	0.000	0.000	0.000	3.392	0.000	0.000	3.392	3.392	0.000
0.000	3.392	0.000	3.392	3.392	0.000	0.000	6.785	0.000	0.000
35.792	37.069

No.10     >Positive_seq_44
0.000	6.050	0.000	0.000	0.000	0.000	0.000	0.000	0.000	0.000
0.000	0.000	0.000	0.000	6.050	0.000	0.000	0.000	0.000	6.050
48.940	32.910

No.11     >Positive_seq_98
4.428	0.000	0.000	0.000	4.428	4.428	0.000	4.428	4.428	4.428
0.000	4.428	0.000	0.000	0.000	0.000	0.000	4.428	0.000	0.000
29.000	35.577

No.12     >Positive_seq_117
0.000	0.000	0.000	3.171	0.000	12.682	3.171	0.000	0.000	0.000
0.000	0.000	3.171	0.000	3.171	0.000	0.000	0.000	0.000	3.171
35.505	35.960

No.13     >Positive_seq_97
6.885	0.000	0.000	0.000	0.000	0.000	0.000	6.885	0.000	6.885
6.885	6.885	0.000	0.000	0.000	0.000	0.000	20.655	0.000	0.000
21.274	23.645

No.14     >Positive_seq_90
8.051	0.000	0.000	0.000	4.025	0.000	0.000	0.000	0.000	4.025
4.025	0.000	0.000	0.000	4.025	4.025	0.000	4.025	0.000	0.000
31.638	36.159

No.15     >Positive_seq_63
6.602	6.602	0.000	0.000	0.000	0.000	0.000	0.000	0.000	0.000
0.000	0.000	0.000	6.602	6.602	0.000	0.000	0.000	0.000	0.000
43.114	30.478

No.16     >Positive_seq_110
0.000	4.770	0.000	0.000	2.385	0.000	0.000	0.000	0.000	0.000
0.000	0.000	0.000	0.000	4.770	2.385	2.385	2.385	0.000	0.000
42.988	37.934

No.17     >Positive_seq_46
0.000	0.000	0.000	0.000	41.853	0.000	0.000	0.000	0.000	0.000
0.000	0.000	0.000	0.000	0.000	0.000	0.000	0.000	0.000	20.926
12.407	24.814

No.18     >Positive_seq_60
7.372	7.372	7.372	0.000	0.000	0.000	0.000	0.000	0.000	7.372
0.000	0.000	0.000	0.000	0.000	0.000	0.000	0.000	0.000	0.000
29.564	40.950

No.19     >Positive_seq_130
6.385	4.257	0.000	0.000	0.000	0.000	2.128	2.128	0.000	0.000
2.128	2.128	2.128	0.000	2.128	0.000	6.385	2.128	2.128	0.000
31.462	34.485

No.20     >Positive_seq_108
3.603	0.000	0.000	0.000	0.000	0.000	0.000	0.000	0.000	7.206
0.000	7.206	0.000	0.000	7.206	0.000	3.603	0.000	0.000	0.000
26.478	44.698

No.21     >Positive_seq_126
2.761	5.523	0.000	0.000	2.761	0.000	0.000	5.523	2.761	5.523
0.000	0.000	2.761	0.000	0.000	2.761	2.761	2.761	0.000	0.000
27.511	36.590

No.22     >Positive_seq_69
0.000	0.000	0.000	0.000	0.000	0.000	0.000	0.000	0.000	0.000
0.000	11.789	0.000	0.000	0.000	11.789	11.789	0.000	0.000	11.789
27.611	25.231

No.23     >Positive_seq_57
0.000	6.295	0.000	0.000	6.295	0.000	0.000	0.000	0.000	6.295
0.000	6.295	0.000	0.000	0.000	0.000	0.000	0.000	0.000	0.000
42.899	31.921

No.24     >Positive_seq_86
5.660	0.000	5.660	0.000	0.000	0.000	0.000	5.660	0.000	11.319
0.000	0.000	0.000	5.660	0.000	11.319	0.000	0.000	0.000	0.000
31.024	23.699

No.25     >Positive_seq_127
0.000	0.000	0.000	0.000	0.000	3.926	3.926	0.000	0.000	3.926
0.000	3.926	7.853	11.779	0.000	11.779	0.000	3.926	0.000	0.000
27.884	21.075

No.26     >Positive_seq_52
0.000	0.000	0.000	0.000	11.292	0.000	0.000	0.000	0.000	0.000
0.000	11.292	0.000	0.000	0.000	0.000	0.000	0.000	0.000	11.292
31.188	34.937

No.27     >Positive_seq_85
0.000	0.000	0.000	0.000	0.000	0.000	0.000	3.434	0.000	0.000
0.000	0.000	13.736	0.000	10.302	0.000	0.000	0.000	0.000	0.000
59.992	12.536

No.28     >Positive_seq_55
0.000	0.000	0.000	0.000	0.000	0.000	0.000	0.000	0.000	0.000
0.000	0.000	0.000	0.000	7.677	0.000	0.000	0.000	7.677	7.677
32.769	44.200

No.29     >Positive_seq_51
0.000	0.000	0.000	0.000	0.000	0.000	0.000	0.000	9.499	0.000
0.000	0.000	0.000	0.000	0.000	0.000	0.000	9.499	0.000	9.499
32.298	39.204

No.30     >Positive_seq_62
8.400	0.000	0.000	0.000	0.000	0.000	0.000	0.000	0.000	0.000
0.000	8.400	8.400	0.000	0.000	0.000	0.000	0.000	0.000	8.400
40.063	26.337

No.31     >Positive_seq_77
3.912	0.000	0.000	3.912	0.000	0.000	0.000	0.000	0.000	3.912
0.000	0.000	3.912	0.000	3.912	0.000	0.000	7.824	0.000	3.912
38.776	29.930

No.32     >Positive_seq_53
0.000	0.000	0.000	0.000	0.000	14.201	0.000	0.000	0.000	14.201
0.000	0.000	14.201	0.000	0.000	0.000	0.000	0.000	0.000	0.000
25.283	32.115

No.33     >Positive_seq_49
0.000	0.000	0.000	0.000	0.000	0.000	0.000	0.000	21.762	0.000
0.000	0.000	0.000	0.000	0.000	0.000	0.000	0.000	0.000	10.881
22.453	44.905

No.34     >Positive_seq_72
0.000	8.018	0.000	0.000	4.009	0.000	0.000	0.000	0.000	0.000
0.000	0.000	0.000	0.000	8.018	0.000	0.000	4.009	0.000	0.000
21.101	54.846

No.35     >Positive_seq_61
5.849	5.849	0.000	0.000	0.000	0.000	0.000	0.000	5.849	0.000
0.000	0.000	0.000	0.000	5.849	0.000	0.000	0.000	0.000	0.000
59.659	16.945

No.36     >Positive_seq_106
0.000	0.000	0.000	0.000	0.000	0.000	0.000	0.000	0.000	0.000
0.000	0.000	0.000	0.000	15.339	0.000	0.000	0.000	7.670	7.670
22.605	46.717

No.37     >Positive_seq_123
0.000	0.000	0.000	3.340	0.000	0.000	0.000	0.000	0.000	0.000
3.340	0.000	0.000	0.000	10.020	10.020	0.000	0.000	3.340	3.340
44.581	22.019

No.38     >Positive_seq_120
0.000	0.000	0.000	0.000	0.000	0.000	0.000	0.000	3.953	0.000
0.000	0.000	0.000	0.000	7.906	11.859	0.000	0.000	3.953	7.906
32.090	32.332

No.39     >Positive_seq_100
0.000	0.000	0.000	0.000	4.686	9.371	0.000	0.000	0.000	4.686
0.000	0.000	4.686	4.686	4.686	4.686	0.000	0.000	0.000	0.000
35.654	26.862

No.40     >Positive_seq_64
0.000	0.000	0.000	0.000	0.000	0.000	0.000	0.000	0.000	0.000
0.000	0.000	0.000	0.000	7.415	0.000	0.000	0.000	14.830	7.415
28.136	42.203

No.41     >Positive_seq_94
0.000	0.000	0.000	0.000	6.450	0.000	0.000	6.450	6.450	12.900
6.450	0.000	0.000	0.000	0.000	0.000	6.450	6.450	0.000	0.000
23.644	24.756

No.42     >Positive_seq_109
2.542	2.542	0.000	0.000	2.542	0.000	0.000	0.000	0.000	0.000
0.000	0.000	0.000	0.000	5.083	2.542	2.542	2.542	0.000	0.000
37.410	42.258

No.43     >Positive_seq_114
0.000	0.000	0.000	0.000	0.000	9.122	0.000	9.122	0.000	27.365
0.000	0.000	0.000	0.000	0.000	9.122	0.000	18.243	0.000	0.000
15.876	11.150

No.44     >Positive_seq_112
0.000	0.000	0.000	0.000	3.889	0.000	0.000	0.000	0.000	3.889
0.000	0.000	7.777	3.889	3.889	0.000	0.000	7.777	0.000	0.000
43.826	25.066

No.45     >Positive_seq_74
0.000	0.000	0.000	0.000	5.719	0.000	0.000	0.000	0.000	11.439
0.000	5.719	0.000	0.000	5.719	5.719	0.000	0.000	0.000	0.000
29.716	35.967

No.46     >Positive_seq_128
0.000	5.501	0.000	0.000	1.834	0.000	0.000	1.834	0.000	0.000
0.000	0.000	0.000	0.000	5.501	3.667	1.834	1.834	0.000	1.834
32.406	43.757

No.47     >Positive_seq_99
0.000	0.000	0.000	0.000	3.419	0.000	0.000	0.000	0.000	0.000
0.000	0.000	13.674	3.419	6.837	0.000	0.000	0.000	0.000	0.000
50.225	22.427

No.48     >Positive_seq_91
10.930	0.000	0.000	0.000	0.000	0.000	0.000	21.860	0.000	43.720
0.000	0.000	0.000	0.000	0.000	0.000	0.000	10.930	0.000	0.000
7.723	4.837

No.49     >Positive_seq_87
0.000	0.000	0.000	7.492	14.985	0.000	0.000	0.000	7.492	0.000
0.000	0.000	0.000	0.000	0.000	0.000	0.000	0.000	0.000	0.000
53.036	16.995

No.50     >Positive_seq_119
0.000	0.000	0.000	0.000	0.000	0.000	0.000	0.000	4.196	0.000
0.000	0.000	0.000	0.000	12.588	12.588	0.000	0.000	4.196	4.196
33.102	29.134

No.51     >Positive_seq_54
0.000	5.992	0.000	0.000	0.000	0.000	0.000	0.000	0.000	0.000
0.000	0.000	0.000	0.000	5.992	0.000	0.000	0.000	0.000	5.992
47.521	34.502

No.52     >Positive_seq_125
0.000	0.000	0.000	0.000	0.000	0.000	0.000	0.000	3.450	0.000
0.000	0.000	0.000	0.000	6.900	10.349	0.000	0.000	3.450	10.349
35.015	30.487

No.53     >Positive_seq_79
0.000	4.883	0.000	0.000	4.883	0.000	0.000	0.000	0.000	0.000
0.000	0.000	0.000	0.000	4.883	2.442	0.000	2.442	0.000	0.000
36.620	43.846

No.54     >Positive_seq_56
0.000	0.000	0.000	0.000	16.273	0.000	0.000	0.000	0.000	0.000
0.000	0.000	0.000	0.000	0.000	0.000	0.000	16.273	0.000	16.273
21.602	29.581

No.55     >Positive_seq_76
0.000	0.000	0.000	0.000	9.769	0.000	4.884	4.884	0.000	0.000
0.000	0.000	4.884	4.884	0.000	4.884	0.000	0.000	0.000	0.000
26.679	39.130

No.56     >Positive_seq_75
0.000	0.000	0.000	5.917	0.000	0.000	5.917	0.000	0.000	0.000
0.000	0.000	5.917	0.000	0.000	5.917	5.917	5.917	0.000	5.917
29.963	28.620

No.57     >Positive_seq_92
0.000	0.000	0.000	0.000	9.034	9.034	0.000	0.000	0.000	45.168
0.000	0.000	0.000	0.000	0.000	0.000	0.000	9.034	0.000	0.000
16.280	11.451

No.58     >Positive_seq_58
0.000	7.875	0.000	0.000	0.000	0.000	7.875	0.000	0.000	0.000
0.000	7.875	0.000	0.000	0.000	0.000	7.875	0.000	0.000	0.000
35.613	32.888

No.59     >Positive_seq_107
0.000	0.000	0.000	0.000	0.000	0.000	5.849	0.000	0.000	5.849
0.000	5.849	0.000	0.000	0.000	17.547	0.000	11.698	0.000	0.000
31.600	21.608

No.60     >Positive_seq_132
1.638	3.277	0.000	0.000	1.638	1.638	0.000	0.000	3.277	0.000
0.000	0.000	4.915	0.000	3.277	3.277	0.000	3.277	0.000	0.000
41.608	32.178

No.61     >Positive_seq_116
0.000	0.000	2.858	0.000	2.858	0.000	0.000	0.000	2.858	2.858
0.000	0.000	2.858	0.000	2.858	0.000	0.000	5.715	0.000	0.000
37.535	39.603

No.62     >Positive_seq_96
0.000	0.000	0.000	3.708	3.708	0.000	0.000	0.000	0.000	0.000
3.708	0.000	3.708	3.708	3.708	0.000	3.708	3.708	0.000	0.000
40.401	29.937

No.63     >Positive_seq_50
0.000	0.000	0.000	0.000	0.000	0.000	0.000	0.000	10.959	0.000
0.000	10.959	0.000	0.000	0.000	0.000	0.000	0.000	0.000	10.959
21.897	45.227

No.64     >Positive_seq_113
0.000	0.000	0.000	0.000	3.835	3.835	0.000	7.671	0.000	0.000
0.000	0.000	7.671	0.000	3.835	0.000	0.000	3.835	0.000	0.000
44.610	24.707

No.65     >Positive_seq_83
23.606	0.000	0.000	0.000	0.000	0.000	0.000	15.738	0.000	7.869
7.869	0.000	0.000	0.000	0.000	7.869	0.000	0.000	0.000	0.000
16.393	20.657

No.66     >Positive_seq_65
0.000	0.000	0.000	0.000	0.000	0.000	10.807	0.000	0.000	0.000
0.000	0.000	0.000	10.807	0.000	0.000	0.000	10.807	0.000	10.807
24.270	32.501

No.67     >Positive_seq_133
1.893	0.000	0.000	7.571	0.000	1.893	1.893	0.000	0.000	3.785
0.000	3.785	3.785	0.000	1.893	1.893	3.785	1.893	1.893	0.000
34.306	29.732

No.68     >Positive_seq_80
0.000	5.318	0.000	0.000	2.659	0.000	0.000	0.000	0.000	0.000
0.000	0.000	0.000	0.000	5.318	2.659	2.659	2.659	0.000	0.000
37.788	40.939

No.69     >Positive_seq_70
5.763	0.000	0.000	0.000	0.000	0.000	0.000	0.000	0.000	5.763
0.000	0.000	0.000	0.000	11.526	0.000	0.000	5.763	0.000	0.000
21.299	49.886

No.70     >Positive_seq_81
3.692	7.383	0.000	0.000	3.692	0.000	0.000	0.000	0.000	0.000
0.000	0.000	0.000	0.000	3.692	7.383	3.692	0.000	0.000	0.000
38.142	32.325