No.1     >Positive_seq_27
0.000	20.479	0.000	0.000	0.000	0.000	20.479	0.000	0.000	0.000
0.000	0.000	0.000	0.000	0.000	0.000	0.000	0.000	0.000	0.000
59.043

No.2     >Positive_seq_9
0.000	22.237	0.000	0.000	0.000	0.000	0.000	22.237	0.000	0.000
0.000	0.000	0.000	0.000	0.000	0.000	0.000	0.000	0.000	0.000
55.525

No.3     >Positive_seq_31
0.000	19.319	0.000	0.000	0.000	0.000	0.000	0.000	0.000	0.000
19.319	0.000	0.000	0.000	0.000	0.000	0.000	0.000	0.000	0.000
61.362

No.4     >Positive_seq_23
0.000	0.000	20.560	0.000	0.000	0.000	0.000	0.000	0.000	0.000
0.000	0.000	0.000	0.000	0.000	0.000	0.000	0.000	0.000	20.560
58.881

No.5     >Positive_seq_8
0.000	20.479	0.000	0.000	0.000	0.000	20.479	0.000	0.000	0.000
0.000	0.000	0.000	0.000	0.000	0.000	0.000	0.000	0.000	0.000
59.043

No.6     >Positive_seq_25
0.000	13.740	0.000	0.000	13.740	0.000	0.000	0.000	0.000	0.000
0.000	0.000	0.000	0.000	0.000	0.000	0.000	0.000	0.000	0.000
72.521

No.7     >Positive_seq_11
0.000	20.684	0.000	0.000	0.000	0.000	0.000	0.000	0.000	20.684
0.000	0.000	0.000	0.000	0.000	0.000	0.000	0.000	0.000	0.000
58.631

No.8     >Positive_seq_17
0.000	19.991	0.000	0.000	0.000	0.000	0.000	0.000	0.000	0.000
0.000	0.000	0.000	0.000	0.000	19.991	0.000	0.000	0.000	0.000
60.018

No.9     >Positive_seq_3
0.000	100.000	0.000	0.000	0.000	0.000	0.000	0.000	0.000	0.000
0.000	0.000	0.000	0.000	0.000	0.000	0.000	0.000	0.000	0.000
0.000

No.10     >Positive_seq_34
0.000	0.000	25.834	0.000	0.000	0.000	0.000	0.000	0.000	0.000
0.000	0.000	25.834	0.000	0.000	0.000	0.000	0.000	0.000	0.000
48.332

No.11     >Positive_seq_14
0.000	40.619	0.000	0.000	0.000	0.000	0.000	0.000	0.000	0.000
0.000	0.000	40.619	0.000	0.000	0.000	0.000	0.000	0.000	0.000
18.763

No.12     >Positive_seq_16
0.000	11.177	0.000	0.000	0.000	0.000	0.000	0.000	0.000	0.000
0.000	0.000	0.000	0.000	11.177	0.000	0.000	0.000	0.000	0.000
77.647

No.13     >Positive_seq_41
0.000	0.000	0.000	0.000	0.000	0.000	0.000	0.000	0.000	0.000
0.000	0.000	0.000	0.000	0.000	0.000	0.000	0.000	41.788	41.788
16.423

No.14     >Positive_seq_4
0.000	23.354	23.354	0.000	0.000	0.000	0.000	0.000	0.000	0.000
0.000	0.000	0.000	0.000	0.000	0.000	0.000	0.000	0.000	0.000
53.292

No.15     >Positive_seq_7
0.000	19.904	0.000	0.000	0.000	19.904	0.000	0.000	0.000	0.000
0.000	0.000	0.000	0.000	0.000	0.000	0.000	0.000	0.000	0.000
60.192

No.16     >Positive_seq_28
0.000	22.237	0.000	0.000	0.000	0.000	0.000	22.237	0.000	0.000
0.000	0.000	0.000	0.000	0.000	0.000	0.000	0.000	0.000	0.000
55.525

No.17     >Positive_seq_19
0.000	23.538	0.000	0.000	0.000	0.000	0.000	0.000	0.000	0.000
0.000	0.000	0.000	0.000	0.000	0.000	0.000	23.538	0.000	0.000
52.924

No.18     >Positive_seq_12
0.000	19.319	0.000	0.000	0.000	0.000	0.000	0.000	0.000	0.000
19.319	0.000	0.000	0.000	0.000	0.000	0.000	0.000	0.000	0.000
61.362

No.19     >Positive_seq_42
0.000	17.773	0.000	0.000	0.000	0.000	0.000	0.000	0.000	0.000
0.000	0.000	0.000	0.000	0.000	0.000	0.000	0.000	0.000	17.773
64.453

No.20     >Positive_seq_2
22.378	22.378	0.000	0.000	0.000	0.000	0.000	0.000	0.000	0.000
0.000	0.000	0.000	0.000	0.000	0.000	0.000	0.000	0.000	0.000
55.245

No.21     >Positive_seq_43
0.000	0.000	0.000	0.000	0.000	0.000	0.000	0.000	21.047	0.000
0.000	0.000	0.000	0.000	0.000	0.000	0.000	0.000	0.000	21.047
57.906

No.22     >Positive_seq_5
0.000	20.031	0.000	20.031	0.000	0.000	0.000	0.000	0.000	0.000
0.000	0.000	0.000	0.000	0.000	0.000	0.000	0.000	0.000	0.000
59.938

No.23     >Positive_seq_18
0.000	21.216	0.000	0.000	0.000	0.000	0.000	0.000	0.000	0.000
0.000	0.000	0.000	0.000	0.000	0.000	21.216	0.000	0.000	0.000
57.569

No.24     >Positive_seq_39
0.000	23.538	0.000	0.000	0.000	0.000	0.000	0.000	0.000	0.000
0.000	0.000	0.000	0.000	0.000	0.000	0.000	23.538	0.000	0.000
52.924

No.25     >Positive_seq_6
0.000	13.740	0.000	0.000	13.740	0.000	0.000	0.000	0.000	0.000
0.000	0.000	0.000	0.000	0.000	0.000	0.000	0.000	0.000	0.000
72.521

No.26     >Positive_seq_1
22.378	22.378	0.000	0.000	0.000	0.000	0.000	0.000	0.000	0.000
0.000	0.000	0.000	0.000	0.000	0.000	0.000	0.000	0.000	0.000
55.245

No.27     >Positive_seq_35
0.000	19.463	0.000	0.000	0.000	0.000	0.000	0.000	0.000	0.000
0.000	0.000	0.000	19.463	0.000	0.000	0.000	0.000	0.000	0.000
61.075

No.28     >Positive_seq_29
0.000	13.025	0.000	0.000	0.000	0.000	0.000	0.000	13.025	0.000
0.000	0.000	0.000	0.000	0.000	0.000	0.000	0.000	0.000	0.000
73.950

No.29     >Positive_seq_36
0.000	11.177	0.000	0.000	0.000	0.000	0.000	0.000	0.000	0.000
0.000	0.000	0.000	0.000	11.177	0.000	0.000	0.000	0.000	0.000
77.647

No.30     >Positive_seq_24
0.000	20.031	0.000	20.031	0.000	0.000	0.000	0.000	0.000	0.000
0.000	0.000	0.000	0.000	0.000	0.000	0.000	0.000	0.000	0.000
59.938

No.31     >Positive_seq_32
0.000	15.268	0.000	0.000	0.000	0.000	0.000	0.000	0.000	0.000
0.000	15.268	0.000	0.000	0.000	0.000	0.000	0.000	0.000	0.000
69.465

No.32     >Positive_seq_33
0.000	40.619	0.000	0.000	0.000	0.000	0.000	0.000	0.000	0.000
0.000	0.000	40.619	0.000	0.000	0.000	0.000	0.000	0.000	0.000
18.763

No.33     >Positive_seq_15
0.000	19.463	0.000	0.000	0.000	0.000	0.000	0.000	0.000	0.000
0.000	0.000	0.000	19.463	0.000	0.000	0.000	0.000	0.000	0.000
61.075

No.34     >Positive_seq_20
0.000	14.859	0.000	0.000	0.000	0.000	0.000	0.000	0.000	0.000
0.000	0.000	0.000	0.000	0.000	0.000	0.000	0.000	14.859	0.000
70.281

No.35     >Positive_seq_30
0.000	20.684	0.000	0.000	0.000	0.000	0.000	0.000	0.000	20.684
0.000	0.000	0.000	0.000	0.000	0.000	0.000	0.000	0.000	0.000
58.631

No.36     >Positive_seq_21
0.000	17.773	0.000	0.000	0.000	0.000	0.000	0.000	0.000	0.000
0.000	0.000	0.000	0.000	0.000	0.000	0.000	0.000	0.000	17.773
64.453